GloOfs,RelOfs,LocOfs,Next,Data,GotoX,GotoY,GotoZ,State,State_S
97128,64354,0,0,0,0,0,0,0,CS_NONE
97136,64362,8,0,0,0,0,0,9,CS_END_COMMANDS
97144,64370,16,0,0,0,0,0,9,CS_END_COMMANDS
97152,64378,24,0,0,0,0,0,9,CS_END_COMMANDS
97160,64386,32,0,0,0,0,0,9,CS_END_COMMANDS
97168,64394,40,0,0,0,0,0,9,CS_END_COMMANDS
97176,64402,48,0,0,0,0,0,9,CS_END_COMMANDS
97184,64410,56,0,0,0,0,0,9,CS_END_COMMANDS
97192,64418,64,0,0,0,0,0,9,CS_END_COMMANDS
97200,64426,72,0,0,0,0,0,9,CS_END_COMMANDS
97208,64434,80,0,0,0,0,0,0,CS_NONE
97216,64442,88,0,0,0,0,0,0,CS_NONE
97224,64450,96,0,0,0,0,0,0,CS_NONE
97232,64458,104,0,0,0,0,0,0,CS_NONE
97240,64466,112,0,0,0,0,0,0,CS_NONE
97248,64474,120,0,0,0,0,0,0,CS_NONE
97256,64482,128,0,0,0,0,0,0,CS_NONE
97264,64490,136,0,0,0,0,0,0,CS_NONE
97272,64498,144,0,0,0,0,0,0,CS_NONE
97280,64506,152,0,0,0,0,0,0,CS_NONE
97288,64514,160,0,0,0,0,0,0,CS_NONE
97296,64522,168,0,0,0,0,0,0,CS_NONE
97304,64530,176,0,0,0,0,0,0,CS_NONE
97312,64538,184,0,0,0,0,0,0,CS_NONE
97320,64546,192,0,0,0,0,0,0,CS_NONE
97328,64554,200,0,0,0,0,0,0,CS_NONE
97336,64562,208,0,0,0,0,0,0,CS_NONE
97344,64570,216,0,0,0,0,0,0,CS_NONE
97352,64578,224,0,0,0,0,0,0,CS_NONE
97360,64586,232,0,0,0,0,0,0,CS_NONE
97368,64594,240,0,0,0,0,0,0,CS_NONE
97376,64602,248,0,0,0,0,0,0,CS_NONE
97384,64610,256,0,0,0,0,0,0,CS_NONE
97392,64618,264,0,0,0,0,0,0,CS_NONE
97400,64626,272,0,0,0,0,0,0,CS_NONE
97408,64634,280,0,0,0,0,0,0,CS_NONE
97416,64642,288,0,0,0,0,0,0,CS_NONE
97424,64650,296,0,0,0,0,0,0,CS_NONE
97432,64658,304,0,0,0,0,0,0,CS_NONE
97440,64666,312,0,0,0,0,0,0,CS_NONE
97448,64674,320,0,0,0,0,0,0,CS_NONE
97456,64682,328,0,0,0,0,0,0,CS_NONE
97464,64690,336,0,0,0,0,0,0,CS_NONE
97472,64698,344,0,0,0,0,0,0,CS_NONE
97480,64706,352,0,0,0,0,0,0,CS_NONE
97488,64714,360,0,0,0,0,0,0,CS_NONE
97496,64722,368,0,0,0,0,0,0,CS_NONE
97504,64730,376,0,0,0,0,0,0,CS_NONE
97512,64738,384,0,0,0,0,0,0,CS_NONE
97520,64746,392,0,0,0,0,0,0,CS_NONE
97528,64754,400,0,0,0,0,0,0,CS_NONE
97536,64762,408,0,0,0,0,0,0,CS_NONE
97544,64770,416,0,0,0,0,0,0,CS_NONE
97552,64778,424,0,0,0,0,0,0,CS_NONE
97560,64786,432,0,0,0,0,0,0,CS_NONE
97568,64794,440,0,0,0,0,0,0,CS_NONE
97576,64802,448,0,0,0,0,0,0,CS_NONE
97584,64810,456,0,0,0,0,0,0,CS_NONE
97592,64818,464,0,0,0,0,0,0,CS_NONE
97600,64826,472,0,0,0,0,0,0,CS_NONE
97608,64834,480,0,0,0,0,0,0,CS_NONE
97616,64842,488,0,0,0,0,0,0,CS_NONE
97624,64850,496,0,0,0,0,0,0,CS_NONE
97632,64858,504,0,0,0,0,0,0,CS_NONE
97640,64866,512,0,0,0,0,0,0,CS_NONE
97648,64874,520,0,0,0,0,0,0,CS_NONE
97656,64882,528,0,0,0,0,0,0,CS_NONE
97664,64890,536,0,0,0,0,0,0,CS_NONE
97672,64898,544,0,0,0,0,0,0,CS_NONE
97680,64906,552,0,0,0,0,0,0,CS_NONE
97688,64914,560,0,0,0,0,0,0,CS_NONE
97696,64922,568,0,0,0,0,0,0,CS_NONE
97704,64930,576,0,0,0,0,0,0,CS_NONE
97712,64938,584,0,0,0,0,0,0,CS_NONE
97720,64946,592,0,0,0,0,0,0,CS_NONE
97728,64954,600,0,0,0,0,0,0,CS_NONE
97736,64962,608,0,0,0,0,0,0,CS_NONE
97744,64970,616,0,0,0,0,0,0,CS_NONE
97752,64978,624,0,0,0,0,0,0,CS_NONE
97760,64986,632,0,0,0,0,0,0,CS_NONE
97768,64994,640,0,0,0,0,0,0,CS_NONE
97776,65002,648,0,0,0,0,0,0,CS_NONE
97784,65010,656,0,0,0,0,0,0,CS_NONE
97792,65018,664,0,0,0,0,0,0,CS_NONE
97800,65026,672,0,0,0,0,0,0,CS_NONE
97808,65034,680,0,0,0,0,0,0,CS_NONE
97816,65042,688,0,0,0,0,0,0,CS_NONE
97824,65050,696,0,0,0,0,0,0,CS_NONE
97832,65058,704,0,0,0,0,0,0,CS_NONE
97840,65066,712,0,0,0,0,0,0,CS_NONE
97848,65074,720,0,0,0,0,0,0,CS_NONE
97856,65082,728,0,0,0,0,0,0,CS_NONE
97864,65090,736,0,0,0,0,0,0,CS_NONE
97872,65098,744,0,0,0,0,0,0,CS_NONE
97880,65106,752,0,0,0,0,0,0,CS_NONE
97888,65114,760,0,0,0,0,0,0,CS_NONE
97896,65122,768,0,0,0,0,0,0,CS_NONE
97904,65130,776,0,0,0,0,0,0,CS_NONE
97912,65138,784,0,0,0,0,0,0,CS_NONE
97920,65146,792,0,0,0,0,0,0,CS_NONE
97928,65154,800,0,0,0,0,0,0,CS_NONE
97936,65162,808,0,0,0,0,0,0,CS_NONE
97944,65170,816,0,0,0,0,0,0,CS_NONE
97952,65178,824,0,0,0,0,0,0,CS_NONE
97960,65186,832,0,0,0,0,0,0,CS_NONE
97968,65194,840,0,0,0,0,0,0,CS_NONE
97976,65202,848,0,0,0,0,0,0,CS_NONE
97984,65210,856,0,0,0,0,0,0,CS_NONE
97992,65218,864,0,0,0,0,0,0,CS_NONE
98000,65226,872,0,0,0,0,0,0,CS_NONE
98008,65234,880,0,0,0,0,0,0,CS_NONE
98016,65242,888,0,0,0,0,0,0,CS_NONE
98024,65250,896,0,0,0,0,0,0,CS_NONE
98032,65258,904,0,0,0,0,0,0,CS_NONE
98040,65266,912,0,0,0,0,0,0,CS_NONE
98048,65274,920,0,0,0,0,0,0,CS_NONE
98056,65282,928,0,0,0,0,0,0,CS_NONE
98064,65290,936,0,0,0,0,0,0,CS_NONE
98072,65298,944,0,0,0,0,0,0,CS_NONE
98080,65306,952,0,0,0,0,0,0,CS_NONE
98088,65314,960,0,0,0,0,0,0,CS_NONE
98096,65322,968,0,0,0,0,0,0,CS_NONE
98104,65330,976,0,0,0,0,0,0,CS_NONE
98112,65338,984,0,0,0,0,0,0,CS_NONE
98120,65346,992,0,0,0,0,0,0,CS_NONE
98128,65354,1000,0,0,0,0,0,0,CS_NONE
98136,65362,1008,0,0,0,0,0,0,CS_NONE
98144,65370,1016,0,0,0,0,0,0,CS_NONE
98152,65378,1024,0,0,0,0,0,0,CS_NONE
98160,65386,1032,0,0,0,0,0,0,CS_NONE
98168,65394,1040,0,0,0,0,0,0,CS_NONE
98176,65402,1048,0,0,0,0,0,0,CS_NONE
98184,65410,1056,0,0,0,0,0,0,CS_NONE
98192,65418,1064,0,0,0,0,0,0,CS_NONE
98200,65426,1072,0,0,0,0,0,0,CS_NONE
98208,65434,1080,0,0,0,0,0,0,CS_NONE
98216,65442,1088,0,0,0,0,0,0,CS_NONE
98224,65450,1096,0,0,0,0,0,0,CS_NONE
98232,65458,1104,0,0,0,0,0,0,CS_NONE
98240,65466,1112,0,0,0,0,0,0,CS_NONE
98248,65474,1120,0,0,0,0,0,0,CS_NONE
98256,65482,1128,0,0,0,0,0,0,CS_NONE
98264,65490,1136,0,0,0,0,0,0,CS_NONE
98272,65498,1144,0,0,0,0,0,0,CS_NONE
98280,65506,1152,0,0,0,0,0,0,CS_NONE
98288,65514,1160,0,0,0,0,0,0,CS_NONE
98296,65522,1168,0,0,0,0,0,0,CS_NONE
98304,65530,1176,0,0,0,0,0,0,CS_NONE
98312,65538,1184,0,0,0,0,0,0,CS_NONE
98320,65546,1192,0,0,0,0,0,0,CS_NONE
98328,65554,1200,0,0,0,0,0,0,CS_NONE
98336,65562,1208,0,0,0,0,0,0,CS_NONE
98344,65570,1216,0,0,0,0,0,0,CS_NONE
98352,65578,1224,0,0,0,0,0,0,CS_NONE
98360,65586,1232,0,0,0,0,0,0,CS_NONE
98368,65594,1240,0,0,0,0,0,0,CS_NONE
98376,65602,1248,0,0,0,0,0,0,CS_NONE
98384,65610,1256,0,0,0,0,0,0,CS_NONE
98392,65618,1264,0,0,0,0,0,0,CS_NONE
98400,65626,1272,0,0,0,0,0,0,CS_NONE
98408,65634,1280,0,0,0,0,0,0,CS_NONE
98416,65642,1288,0,0,0,0,0,0,CS_NONE
98424,65650,1296,0,0,0,0,0,0,CS_NONE
98432,65658,1304,0,0,0,0,0,0,CS_NONE
98440,65666,1312,0,0,0,0,0,0,CS_NONE
98448,65674,1320,0,0,0,0,0,0,CS_NONE
98456,65682,1328,0,0,0,0,0,0,CS_NONE
98464,65690,1336,0,0,0,0,0,0,CS_NONE
98472,65698,1344,0,0,0,0,0,0,CS_NONE
98480,65706,1352,0,0,0,0,0,0,CS_NONE
98488,65714,1360,0,0,0,0,0,0,CS_NONE
98496,65722,1368,0,0,0,0,0,0,CS_NONE
98504,65730,1376,0,0,0,0,0,0,CS_NONE
98512,65738,1384,0,0,0,0,0,0,CS_NONE
98520,65746,1392,0,0,0,0,0,0,CS_NONE
98528,65754,1400,0,0,0,0,0,0,CS_NONE
98536,65762,1408,0,0,0,0,0,0,CS_NONE
98544,65770,1416,0,0,0,0,0,0,CS_NONE
98552,65778,1424,0,0,0,0,0,0,CS_NONE
98560,65786,1432,0,0,0,0,0,0,CS_NONE
98568,65794,1440,0,0,0,0,0,0,CS_NONE
98576,65802,1448,0,0,0,0,0,0,CS_NONE
98584,65810,1456,0,0,0,0,0,0,CS_NONE
98592,65818,1464,0,0,0,0,0,0,CS_NONE
98600,65826,1472,0,0,0,0,0,0,CS_NONE
98608,65834,1480,0,0,0,0,0,0,CS_NONE
98616,65842,1488,0,0,0,0,0,0,CS_NONE
98624,65850,1496,0,0,0,0,0,0,CS_NONE
98632,65858,1504,0,0,0,0,0,0,CS_NONE
98640,65866,1512,0,0,0,0,0,0,CS_NONE
98648,65874,1520,0,0,0,0,0,0,CS_NONE
98656,65882,1528,0,0,0,0,0,0,CS_NONE
98664,65890,1536,0,0,0,0,0,0,CS_NONE
98672,65898,1544,0,0,0,0,0,0,CS_NONE
98680,65906,1552,0,0,0,0,0,0,CS_NONE
98688,65914,1560,0,0,0,0,0,0,CS_NONE
98696,65922,1568,0,0,0,0,0,0,CS_NONE
98704,65930,1576,0,0,0,0,0,0,CS_NONE
98712,65938,1584,0,0,0,0,0,0,CS_NONE
98720,65946,1592,0,0,0,0,0,0,CS_NONE
98728,65954,1600,0,0,0,0,0,0,CS_NONE
98736,65962,1608,0,0,0,0,0,0,CS_NONE
98744,65970,1616,0,0,0,0,0,0,CS_NONE
98752,65978,1624,0,0,0,0,0,0,CS_NONE
98760,65986,1632,0,0,0,0,0,0,CS_NONE
98768,65994,1640,0,0,0,0,0,0,CS_NONE
98776,66002,1648,0,0,0,0,0,0,CS_NONE
98784,66010,1656,0,0,0,0,0,0,CS_NONE
98792,66018,1664,0,0,0,0,0,0,CS_NONE
98800,66026,1672,0,0,0,0,0,0,CS_NONE
98808,66034,1680,0,0,0,0,0,0,CS_NONE
98816,66042,1688,0,0,0,0,0,0,CS_NONE
98824,66050,1696,0,0,0,0,0,0,CS_NONE
98832,66058,1704,0,0,0,0,0,0,CS_NONE
98840,66066,1712,0,0,0,0,0,0,CS_NONE
98848,66074,1720,0,0,0,0,0,0,CS_NONE
98856,66082,1728,0,0,0,0,0,0,CS_NONE
98864,66090,1736,0,0,0,0,0,0,CS_NONE
98872,66098,1744,0,0,0,0,0,0,CS_NONE
98880,66106,1752,0,0,0,0,0,0,CS_NONE
98888,66114,1760,0,0,0,0,0,0,CS_NONE
98896,66122,1768,0,0,0,0,0,0,CS_NONE
98904,66130,1776,0,0,0,0,0,0,CS_NONE
98912,66138,1784,0,0,0,0,0,0,CS_NONE
98920,66146,1792,0,0,0,0,0,0,CS_NONE
98928,66154,1800,0,0,0,0,0,0,CS_NONE
98936,66162,1808,0,0,0,0,0,0,CS_NONE
98944,66170,1816,0,0,0,0,0,0,CS_NONE
98952,66178,1824,0,0,0,0,0,0,CS_NONE
98960,66186,1832,0,0,0,0,0,0,CS_NONE
98968,66194,1840,0,0,0,0,0,0,CS_NONE
98976,66202,1848,0,0,0,0,0,0,CS_NONE
98984,66210,1856,0,0,0,0,0,0,CS_NONE
98992,66218,1864,0,0,0,0,0,0,CS_NONE
99000,66226,1872,0,0,0,0,0,0,CS_NONE
99008,66234,1880,0,0,0,0,0,0,CS_NONE
99016,66242,1888,0,0,0,0,0,0,CS_NONE
99024,66250,1896,0,0,0,0,0,0,CS_NONE
99032,66258,1904,0,0,0,0,0,0,CS_NONE
99040,66266,1912,0,0,0,0,0,0,CS_NONE
99048,66274,1920,0,0,0,0,0,0,CS_NONE
99056,66282,1928,0,0,0,0,0,0,CS_NONE
99064,66290,1936,0,0,0,0,0,0,CS_NONE
99072,66298,1944,0,0,0,0,0,0,CS_NONE
99080,66306,1952,0,0,0,0,0,0,CS_NONE
99088,66314,1960,0,0,0,0,0,0,CS_NONE
99096,66322,1968,0,0,0,0,0,0,CS_NONE
99104,66330,1976,0,0,0,0,0,0,CS_NONE
99112,66338,1984,0,0,0,0,0,0,CS_NONE
99120,66346,1992,0,0,0,0,0,0,CS_NONE
99128,66354,2000,0,0,0,0,0,0,CS_NONE
99136,66362,2008,0,0,0,0,0,0,CS_NONE
99144,66370,2016,0,0,0,0,0,0,CS_NONE
99152,66378,2024,0,0,0,0,0,0,CS_NONE
99160,66386,2032,0,0,0,0,0,0,CS_NONE
99168,66394,2040,0,0,0,0,0,0,CS_NONE
99176,66402,2048,0,0,0,0,0,0,CS_NONE
99184,66410,2056,0,0,0,0,0,0,CS_NONE
99192,66418,2064,0,0,0,0,0,0,CS_NONE
99200,66426,2072,0,0,0,0,0,0,CS_NONE
99208,66434,2080,0,0,0,0,0,0,CS_NONE
99216,66442,2088,0,0,0,0,0,0,CS_NONE
99224,66450,2096,0,0,0,0,0,0,CS_NONE
99232,66458,2104,0,0,0,0,0,0,CS_NONE
99240,66466,2112,0,0,0,0,0,0,CS_NONE
99248,66474,2120,0,0,0,0,0,0,CS_NONE
99256,66482,2128,0,0,0,0,0,0,CS_NONE
99264,66490,2136,0,0,0,0,0,0,CS_NONE
99272,66498,2144,0,0,0,0,0,0,CS_NONE
99280,66506,2152,0,0,0,0,0,0,CS_NONE
99288,66514,2160,0,0,0,0,0,0,CS_NONE
99296,66522,2168,0,0,0,0,0,0,CS_NONE
99304,66530,2176,0,0,0,0,0,0,CS_NONE
99312,66538,2184,0,0,0,0,0,0,CS_NONE
99320,66546,2192,0,0,0,0,0,0,CS_NONE
99328,66554,2200,0,0,0,0,0,0,CS_NONE
99336,66562,2208,0,0,0,0,0,0,CS_NONE
99344,66570,2216,0,0,0,0,0,0,CS_NONE
99352,66578,2224,0,0,0,0,0,0,CS_NONE
99360,66586,2232,0,0,0,0,0,0,CS_NONE
99368,66594,2240,0,0,0,0,0,0,CS_NONE
99376,66602,2248,0,0,0,0,0,0,CS_NONE
99384,66610,2256,0,0,0,0,0,0,CS_NONE
99392,66618,2264,0,0,0,0,0,0,CS_NONE
99400,66626,2272,0,0,0,0,0,0,CS_NONE
99408,66634,2280,0,0,0,0,0,0,CS_NONE
99416,66642,2288,0,0,0,0,0,0,CS_NONE
99424,66650,2296,0,0,0,0,0,0,CS_NONE
99432,66658,2304,0,0,0,0,0,0,CS_NONE
99440,66666,2312,0,0,0,0,0,0,CS_NONE
99448,66674,2320,0,0,0,0,0,0,CS_NONE
99456,66682,2328,0,0,0,0,0,0,CS_NONE
99464,66690,2336,0,0,0,0,0,0,CS_NONE
99472,66698,2344,0,0,0,0,0,0,CS_NONE
99480,66706,2352,0,0,0,0,0,0,CS_NONE
99488,66714,2360,0,0,0,0,0,0,CS_NONE
99496,66722,2368,0,0,0,0,0,0,CS_NONE
99504,66730,2376,0,0,0,0,0,0,CS_NONE
99512,66738,2384,0,0,0,0,0,0,CS_NONE
99520,66746,2392,0,0,0,0,0,0,CS_NONE
99528,66754,2400,0,0,0,0,0,0,CS_NONE
99536,66762,2408,0,0,0,0,0,0,CS_NONE
99544,66770,2416,0,0,0,0,0,0,CS_NONE
99552,66778,2424,0,0,0,0,0,0,CS_NONE
99560,66786,2432,0,0,0,0,0,0,CS_NONE
99568,66794,2440,0,0,0,0,0,0,CS_NONE
99576,66802,2448,0,0,0,0,0,0,CS_NONE
99584,66810,2456,0,0,0,0,0,0,CS_NONE
99592,66818,2464,0,0,0,0,0,0,CS_NONE
99600,66826,2472,0,0,0,0,0,0,CS_NONE
99608,66834,2480,0,0,0,0,0,0,CS_NONE
99616,66842,2488,0,0,0,0,0,0,CS_NONE
99624,66850,2496,0,0,0,0,0,0,CS_NONE
99632,66858,2504,0,0,0,0,0,0,CS_NONE
99640,66866,2512,0,0,0,0,0,0,CS_NONE
99648,66874,2520,0,0,0,0,0,0,CS_NONE
99656,66882,2528,0,0,0,0,0,0,CS_NONE
99664,66890,2536,0,0,0,0,0,0,CS_NONE
99672,66898,2544,0,0,0,0,0,0,CS_NONE
99680,66906,2552,0,0,0,0,0,0,CS_NONE
99688,66914,2560,0,0,0,0,0,0,CS_NONE
99696,66922,2568,0,0,0,0,0,0,CS_NONE
99704,66930,2576,0,0,0,0,0,0,CS_NONE
99712,66938,2584,0,0,0,0,0,0,CS_NONE
99720,66946,2592,0,0,0,0,0,0,CS_NONE
99728,66954,2600,0,0,0,0,0,0,CS_NONE
99736,66962,2608,0,0,0,0,0,0,CS_NONE
99744,66970,2616,0,0,0,0,0,0,CS_NONE
99752,66978,2624,0,0,0,0,0,0,CS_NONE
99760,66986,2632,0,0,0,0,0,0,CS_NONE
99768,66994,2640,0,0,0,0,0,0,CS_NONE
99776,67002,2648,0,0,0,0,0,0,CS_NONE
99784,67010,2656,0,0,0,0,0,0,CS_NONE
99792,67018,2664,0,0,0,0,0,0,CS_NONE
99800,67026,2672,0,0,0,0,0,0,CS_NONE
99808,67034,2680,0,0,0,0,0,0,CS_NONE
99816,67042,2688,0,0,0,0,0,0,CS_NONE
99824,67050,2696,0,0,0,0,0,0,CS_NONE
99832,67058,2704,0,0,0,0,0,0,CS_NONE
99840,67066,2712,0,0,0,0,0,0,CS_NONE
99848,67074,2720,0,0,0,0,0,0,CS_NONE
99856,67082,2728,0,0,0,0,0,0,CS_NONE
99864,67090,2736,0,0,0,0,0,0,CS_NONE
99872,67098,2744,0,0,0,0,0,0,CS_NONE
99880,67106,2752,0,0,0,0,0,0,CS_NONE
99888,67114,2760,0,0,0,0,0,0,CS_NONE
99896,67122,2768,0,0,0,0,0,0,CS_NONE
99904,67130,2776,0,0,0,0,0,0,CS_NONE
99912,67138,2784,0,0,0,0,0,0,CS_NONE
99920,67146,2792,0,0,0,0,0,0,CS_NONE
99928,67154,2800,0,0,0,0,0,0,CS_NONE
99936,67162,2808,0,0,0,0,0,0,CS_NONE
99944,67170,2816,0,0,0,0,0,0,CS_NONE
99952,67178,2824,0,0,0,0,0,0,CS_NONE
99960,67186,2832,0,0,0,0,0,0,CS_NONE
99968,67194,2840,0,0,0,0,0,0,CS_NONE
99976,67202,2848,0,0,0,0,0,0,CS_NONE
99984,67210,2856,0,0,0,0,0,0,CS_NONE
99992,67218,2864,0,0,0,0,0,0,CS_NONE
100000,67226,2872,0,0,0,0,0,0,CS_NONE
100008,67234,2880,0,0,0,0,0,0,CS_NONE
100016,67242,2888,0,0,0,0,0,0,CS_NONE
100024,67250,2896,0,0,0,0,0,0,CS_NONE
100032,67258,2904,0,0,0,0,0,0,CS_NONE
100040,67266,2912,0,0,0,0,0,0,CS_NONE
100048,67274,2920,0,0,0,0,0,0,CS_NONE
100056,67282,2928,0,0,0,0,0,0,CS_NONE
100064,67290,2936,0,0,0,0,0,0,CS_NONE
100072,67298,2944,0,0,0,0,0,0,CS_NONE
100080,67306,2952,0,0,0,0,0,0,CS_NONE
100088,67314,2960,0,0,0,0,0,0,CS_NONE
100096,67322,2968,0,0,0,0,0,0,CS_NONE
100104,67330,2976,0,0,0,0,0,0,CS_NONE
100112,67338,2984,0,0,0,0,0,0,CS_NONE
100120,67346,2992,0,0,0,0,0,0,CS_NONE
100128,67354,3000,0,0,0,0,0,0,CS_NONE
100136,67362,3008,0,0,0,0,0,0,CS_NONE
100144,67370,3016,0,0,0,0,0,0,CS_NONE
100152,67378,3024,0,0,0,0,0,0,CS_NONE
100160,67386,3032,0,0,0,0,0,0,CS_NONE
100168,67394,3040,0,0,0,0,0,0,CS_NONE
100176,67402,3048,0,0,0,0,0,0,CS_NONE
100184,67410,3056,0,0,0,0,0,0,CS_NONE
100192,67418,3064,0,0,0,0,0,0,CS_NONE
100200,67426,3072,0,0,0,0,0,0,CS_NONE
100208,67434,3080,0,0,0,0,0,0,CS_NONE
100216,67442,3088,0,0,0,0,0,0,CS_NONE
100224,67450,3096,0,0,0,0,0,0,CS_NONE
100232,67458,3104,0,0,0,0,0,0,CS_NONE
100240,67466,3112,0,0,0,0,0,0,CS_NONE
100248,67474,3120,0,0,0,0,0,0,CS_NONE
100256,67482,3128,0,0,0,0,0,0,CS_NONE
100264,67490,3136,0,0,0,0,0,0,CS_NONE
100272,67498,3144,0,0,0,0,0,0,CS_NONE
100280,67506,3152,0,0,0,0,0,0,CS_NONE
100288,67514,3160,0,0,0,0,0,0,CS_NONE
100296,67522,3168,0,0,0,0,0,0,CS_NONE
100304,67530,3176,0,0,0,0,0,0,CS_NONE
100312,67538,3184,0,0,0,0,0,0,CS_NONE
100320,67546,3192,0,0,0,0,0,0,CS_NONE
100328,67554,3200,0,0,0,0,0,0,CS_NONE
100336,67562,3208,0,0,0,0,0,0,CS_NONE
100344,67570,3216,0,0,0,0,0,0,CS_NONE
100352,67578,3224,0,0,0,0,0,0,CS_NONE
100360,67586,3232,0,0,0,0,0,0,CS_NONE
100368,67594,3240,0,0,0,0,0,0,CS_NONE
100376,67602,3248,0,0,0,0,0,0,CS_NONE
100384,67610,3256,0,0,0,0,0,0,CS_NONE
100392,67618,3264,0,0,0,0,0,0,CS_NONE
100400,67626,3272,0,0,0,0,0,0,CS_NONE
100408,67634,3280,0,0,0,0,0,0,CS_NONE
100416,67642,3288,0,0,0,0,0,0,CS_NONE
100424,67650,3296,0,0,0,0,0,0,CS_NONE
100432,67658,3304,0,0,0,0,0,0,CS_NONE
100440,67666,3312,0,0,0,0,0,0,CS_NONE
100448,67674,3320,0,0,0,0,0,0,CS_NONE
100456,67682,3328,0,0,0,0,0,0,CS_NONE
100464,67690,3336,0,0,0,0,0,0,CS_NONE
100472,67698,3344,0,0,0,0,0,0,CS_NONE
100480,67706,3352,0,0,0,0,0,0,CS_NONE
100488,67714,3360,0,0,0,0,0,0,CS_NONE
100496,67722,3368,0,0,0,0,0,0,CS_NONE
100504,67730,3376,0,0,0,0,0,0,CS_NONE
100512,67738,3384,0,0,0,0,0,0,CS_NONE
100520,67746,3392,0,0,0,0,0,0,CS_NONE
100528,67754,3400,0,0,0,0,0,0,CS_NONE
100536,67762,3408,0,0,0,0,0,0,CS_NONE
100544,67770,3416,0,0,0,0,0,0,CS_NONE
100552,67778,3424,0,0,0,0,0,0,CS_NONE
100560,67786,3432,0,0,0,0,0,0,CS_NONE
100568,67794,3440,0,0,0,0,0,0,CS_NONE
100576,67802,3448,0,0,0,0,0,0,CS_NONE
100584,67810,3456,0,0,0,0,0,0,CS_NONE
100592,67818,3464,0,0,0,0,0,0,CS_NONE
100600,67826,3472,0,0,0,0,0,0,CS_NONE
100608,67834,3480,0,0,0,0,0,0,CS_NONE
100616,67842,3488,0,0,0,0,0,0,CS_NONE
100624,67850,3496,0,0,0,0,0,0,CS_NONE
100632,67858,3504,0,0,0,0,0,0,CS_NONE
100640,67866,3512,0,0,0,0,0,0,CS_NONE
100648,67874,3520,0,0,0,0,0,0,CS_NONE
100656,67882,3528,0,0,0,0,0,0,CS_NONE
100664,67890,3536,0,0,0,0,0,0,CS_NONE
100672,67898,3544,0,0,0,0,0,0,CS_NONE
100680,67906,3552,0,0,0,0,0,0,CS_NONE
100688,67914,3560,0,0,0,0,0,0,CS_NONE
100696,67922,3568,0,0,0,0,0,0,CS_NONE
100704,67930,3576,0,0,0,0,0,0,CS_NONE
100712,67938,3584,0,0,0,0,0,0,CS_NONE
100720,67946,3592,0,0,0,0,0,0,CS_NONE
100728,67954,3600,0,0,0,0,0,0,CS_NONE
100736,67962,3608,0,0,0,0,0,0,CS_NONE
100744,67970,3616,0,0,0,0,0,0,CS_NONE
100752,67978,3624,0,0,0,0,0,0,CS_NONE
100760,67986,3632,0,0,0,0,0,0,CS_NONE
100768,67994,3640,0,0,0,0,0,0,CS_NONE
100776,68002,3648,0,0,0,0,0,0,CS_NONE
100784,68010,3656,0,0,0,0,0,0,CS_NONE
100792,68018,3664,0,0,0,0,0,0,CS_NONE
100800,68026,3672,0,0,0,0,0,0,CS_NONE
100808,68034,3680,0,0,0,0,0,0,CS_NONE
100816,68042,3688,0,0,0,0,0,0,CS_NONE
100824,68050,3696,0,0,0,0,0,0,CS_NONE
100832,68058,3704,0,0,0,0,0,0,CS_NONE
100840,68066,3712,0,0,0,0,0,0,CS_NONE
100848,68074,3720,0,0,0,0,0,0,CS_NONE
100856,68082,3728,0,0,0,0,0,0,CS_NONE
100864,68090,3736,0,0,0,0,0,0,CS_NONE
100872,68098,3744,0,0,0,0,0,0,CS_NONE
100880,68106,3752,0,0,0,0,0,0,CS_NONE
100888,68114,3760,0,0,0,0,0,0,CS_NONE
100896,68122,3768,0,0,0,0,0,0,CS_NONE
100904,68130,3776,0,0,0,0,0,0,CS_NONE
100912,68138,3784,0,0,0,0,0,0,CS_NONE
100920,68146,3792,0,0,0,0,0,0,CS_NONE
100928,68154,3800,0,0,0,0,0,0,CS_NONE
100936,68162,3808,0,0,0,0,0,0,CS_NONE
100944,68170,3816,0,0,0,0,0,0,CS_NONE
100952,68178,3824,0,0,0,0,0,0,CS_NONE
100960,68186,3832,0,0,0,0,0,0,CS_NONE
100968,68194,3840,0,0,0,0,0,0,CS_NONE
100976,68202,3848,0,0,0,0,0,0,CS_NONE
100984,68210,3856,0,0,0,0,0,0,CS_NONE
100992,68218,3864,0,0,0,0,0,0,CS_NONE
101000,68226,3872,0,0,0,0,0,0,CS_NONE
101008,68234,3880,0,0,0,0,0,0,CS_NONE
101016,68242,3888,0,0,0,0,0,0,CS_NONE
101024,68250,3896,0,0,0,0,0,0,CS_NONE
101032,68258,3904,0,0,0,0,0,0,CS_NONE
101040,68266,3912,0,0,0,0,0,0,CS_NONE
101048,68274,3920,0,0,0,0,0,0,CS_NONE
101056,68282,3928,0,0,0,0,0,0,CS_NONE
101064,68290,3936,0,0,0,0,0,0,CS_NONE
101072,68298,3944,0,0,0,0,0,0,CS_NONE
101080,68306,3952,0,0,0,0,0,0,CS_NONE
101088,68314,3960,0,0,0,0,0,0,CS_NONE
101096,68322,3968,0,0,0,0,0,0,CS_NONE
101104,68330,3976,0,0,0,0,0,0,CS_NONE
101112,68338,3984,0,0,0,0,0,0,CS_NONE
101120,68346,3992,0,0,0,0,0,0,CS_NONE
101128,68354,4000,0,0,0,0,0,0,CS_NONE
101136,68362,4008,0,0,0,0,0,0,CS_NONE
101144,68370,4016,0,0,0,0,0,0,CS_NONE
101152,68378,4024,0,0,0,0,0,0,CS_NONE
101160,68386,4032,0,0,0,0,0,0,CS_NONE
101168,68394,4040,0,0,0,0,0,0,CS_NONE
101176,68402,4048,0,0,0,0,0,0,CS_NONE
101184,68410,4056,0,0,0,0,0,0,CS_NONE
101192,68418,4064,0,0,0,0,0,0,CS_NONE
101200,68426,4072,0,0,0,0,0,0,CS_NONE
101208,68434,4080,0,0,0,0,0,0,CS_NONE
101216,68442,4088,0,0,0,0,0,0,CS_NONE
101224,68450,4096,0,0,0,0,0,0,CS_NONE
101232,68458,4104,0,0,0,0,0,0,CS_NONE
101240,68466,4112,0,0,0,0,0,0,CS_NONE
101248,68474,4120,0,0,0,0,0,0,CS_NONE
101256,68482,4128,0,0,0,0,0,0,CS_NONE
101264,68490,4136,0,0,0,0,0,0,CS_NONE
101272,68498,4144,0,0,0,0,0,0,CS_NONE
101280,68506,4152,0,0,0,0,0,0,CS_NONE
101288,68514,4160,0,0,0,0,0,0,CS_NONE
101296,68522,4168,0,0,0,0,0,0,CS_NONE
101304,68530,4176,0,0,0,0,0,0,CS_NONE
101312,68538,4184,0,0,0,0,0,0,CS_NONE
101320,68546,4192,0,0,0,0,0,0,CS_NONE
101328,68554,4200,0,0,0,0,0,0,CS_NONE
101336,68562,4208,0,0,0,0,0,0,CS_NONE
101344,68570,4216,0,0,0,0,0,0,CS_NONE
101352,68578,4224,0,0,0,0,0,0,CS_NONE
101360,68586,4232,0,0,0,0,0,0,CS_NONE
101368,68594,4240,0,0,0,0,0,0,CS_NONE
101376,68602,4248,0,0,0,0,0,0,CS_NONE
101384,68610,4256,0,0,0,0,0,0,CS_NONE
101392,68618,4264,0,0,0,0,0,0,CS_NONE
101400,68626,4272,0,0,0,0,0,0,CS_NONE
101408,68634,4280,0,0,0,0,0,0,CS_NONE
101416,68642,4288,0,0,0,0,0,0,CS_NONE
101424,68650,4296,0,0,0,0,0,0,CS_NONE
101432,68658,4304,0,0,0,0,0,0,CS_NONE
101440,68666,4312,0,0,0,0,0,0,CS_NONE
101448,68674,4320,0,0,0,0,0,0,CS_NONE
101456,68682,4328,0,0,0,0,0,0,CS_NONE
101464,68690,4336,0,0,0,0,0,0,CS_NONE
101472,68698,4344,0,0,0,0,0,0,CS_NONE
101480,68706,4352,0,0,0,0,0,0,CS_NONE
101488,68714,4360,0,0,0,0,0,0,CS_NONE
101496,68722,4368,0,0,0,0,0,0,CS_NONE
101504,68730,4376,0,0,0,0,0,0,CS_NONE
101512,68738,4384,0,0,0,0,0,0,CS_NONE
101520,68746,4392,0,0,0,0,0,0,CS_NONE
101528,68754,4400,0,0,0,0,0,0,CS_NONE
101536,68762,4408,0,0,0,0,0,0,CS_NONE
101544,68770,4416,0,0,0,0,0,0,CS_NONE
101552,68778,4424,0,0,0,0,0,0,CS_NONE
101560,68786,4432,0,0,0,0,0,0,CS_NONE
101568,68794,4440,0,0,0,0,0,0,CS_NONE
101576,68802,4448,0,0,0,0,0,0,CS_NONE
101584,68810,4456,0,0,0,0,0,0,CS_NONE
101592,68818,4464,0,0,0,0,0,0,CS_NONE
101600,68826,4472,0,0,0,0,0,0,CS_NONE
101608,68834,4480,0,0,0,0,0,0,CS_NONE
101616,68842,4488,0,0,0,0,0,0,CS_NONE
101624,68850,4496,0,0,0,0,0,0,CS_NONE
101632,68858,4504,0,0,0,0,0,0,CS_NONE
101640,68866,4512,0,0,0,0,0,0,CS_NONE
101648,68874,4520,0,0,0,0,0,0,CS_NONE
101656,68882,4528,0,0,0,0,0,0,CS_NONE
101664,68890,4536,0,0,0,0,0,0,CS_NONE
101672,68898,4544,0,0,0,0,0,0,CS_NONE
101680,68906,4552,0,0,0,0,0,0,CS_NONE
101688,68914,4560,0,0,0,0,0,0,CS_NONE
101696,68922,4568,0,0,0,0,0,0,CS_NONE
101704,68930,4576,0,0,0,0,0,0,CS_NONE
101712,68938,4584,0,0,0,0,0,0,CS_NONE
101720,68946,4592,0,0,0,0,0,0,CS_NONE
101728,68954,4600,0,0,0,0,0,0,CS_NONE
101736,68962,4608,0,0,0,0,0,0,CS_NONE
101744,68970,4616,0,0,0,0,0,0,CS_NONE
101752,68978,4624,0,0,0,0,0,0,CS_NONE
101760,68986,4632,0,0,0,0,0,0,CS_NONE
101768,68994,4640,0,0,0,0,0,0,CS_NONE
101776,69002,4648,0,0,0,0,0,0,CS_NONE
101784,69010,4656,0,0,0,0,0,0,CS_NONE
101792,69018,4664,0,0,0,0,0,0,CS_NONE
101800,69026,4672,0,0,0,0,0,0,CS_NONE
101808,69034,4680,0,0,0,0,0,0,CS_NONE
101816,69042,4688,0,0,0,0,0,0,CS_NONE
101824,69050,4696,0,0,0,0,0,0,CS_NONE
101832,69058,4704,0,0,0,0,0,0,CS_NONE
101840,69066,4712,0,0,0,0,0,0,CS_NONE
101848,69074,4720,0,0,0,0,0,0,CS_NONE
101856,69082,4728,0,0,0,0,0,0,CS_NONE
101864,69090,4736,0,0,0,0,0,0,CS_NONE
101872,69098,4744,0,0,0,0,0,0,CS_NONE
101880,69106,4752,0,0,0,0,0,0,CS_NONE
101888,69114,4760,0,0,0,0,0,0,CS_NONE
101896,69122,4768,0,0,0,0,0,0,CS_NONE
101904,69130,4776,0,0,0,0,0,0,CS_NONE
101912,69138,4784,0,0,0,0,0,0,CS_NONE
101920,69146,4792,0,0,0,0,0,0,CS_NONE
101928,69154,4800,0,0,0,0,0,0,CS_NONE
101936,69162,4808,0,0,0,0,0,0,CS_NONE
101944,69170,4816,0,0,0,0,0,0,CS_NONE
101952,69178,4824,0,0,0,0,0,0,CS_NONE
101960,69186,4832,0,0,0,0,0,0,CS_NONE
101968,69194,4840,0,0,0,0,0,0,CS_NONE
101976,69202,4848,0,0,0,0,0,0,CS_NONE
101984,69210,4856,0,0,0,0,0,0,CS_NONE
101992,69218,4864,0,0,0,0,0,0,CS_NONE
102000,69226,4872,0,0,0,0,0,0,CS_NONE
102008,69234,4880,0,0,0,0,0,0,CS_NONE
102016,69242,4888,0,0,0,0,0,0,CS_NONE
102024,69250,4896,0,0,0,0,0,0,CS_NONE
102032,69258,4904,0,0,0,0,0,0,CS_NONE
102040,69266,4912,0,0,0,0,0,0,CS_NONE
102048,69274,4920,0,0,0,0,0,0,CS_NONE
102056,69282,4928,0,0,0,0,0,0,CS_NONE
102064,69290,4936,0,0,0,0,0,0,CS_NONE
102072,69298,4944,0,0,0,0,0,0,CS_NONE
102080,69306,4952,0,0,0,0,0,0,CS_NONE
102088,69314,4960,0,0,0,0,0,0,CS_NONE
102096,69322,4968,0,0,0,0,0,0,CS_NONE
102104,69330,4976,0,0,0,0,0,0,CS_NONE
102112,69338,4984,0,0,0,0,0,0,CS_NONE
102120,69346,4992,0,0,0,0,0,0,CS_NONE
102128,69354,5000,0,0,0,0,0,0,CS_NONE
102136,69362,5008,0,0,0,0,0,0,CS_NONE
102144,69370,5016,0,0,0,0,0,0,CS_NONE
102152,69378,5024,0,0,0,0,0,0,CS_NONE
102160,69386,5032,0,0,0,0,0,0,CS_NONE
102168,69394,5040,0,0,0,0,0,0,CS_NONE
102176,69402,5048,0,0,0,0,0,0,CS_NONE
102184,69410,5056,0,0,0,0,0,0,CS_NONE
102192,69418,5064,0,0,0,0,0,0,CS_NONE
102200,69426,5072,0,0,0,0,0,0,CS_NONE
102208,69434,5080,0,0,0,0,0,0,CS_NONE
102216,69442,5088,0,0,0,0,0,0,CS_NONE
102224,69450,5096,0,0,0,0,0,0,CS_NONE
102232,69458,5104,0,0,0,0,0,0,CS_NONE
102240,69466,5112,0,0,0,0,0,0,CS_NONE
102248,69474,5120,0,0,0,0,0,0,CS_NONE
102256,69482,5128,0,0,0,0,0,0,CS_NONE
102264,69490,5136,0,0,0,0,0,0,CS_NONE
102272,69498,5144,0,0,0,0,0,0,CS_NONE
102280,69506,5152,0,0,0,0,0,0,CS_NONE
102288,69514,5160,0,0,0,0,0,0,CS_NONE
102296,69522,5168,0,0,0,0,0,0,CS_NONE
102304,69530,5176,0,0,0,0,0,0,CS_NONE
102312,69538,5184,0,0,0,0,0,0,CS_NONE
102320,69546,5192,0,0,0,0,0,0,CS_NONE
102328,69554,5200,0,0,0,0,0,0,CS_NONE
102336,69562,5208,0,0,0,0,0,0,CS_NONE
102344,69570,5216,0,0,0,0,0,0,CS_NONE
102352,69578,5224,0,0,0,0,0,0,CS_NONE
102360,69586,5232,0,0,0,0,0,0,CS_NONE
102368,69594,5240,0,0,0,0,0,0,CS_NONE
102376,69602,5248,0,0,0,0,0,0,CS_NONE
102384,69610,5256,0,0,0,0,0,0,CS_NONE
102392,69618,5264,0,0,0,0,0,0,CS_NONE
102400,69626,5272,0,0,0,0,0,0,CS_NONE
102408,69634,5280,0,0,0,0,0,0,CS_NONE
102416,69642,5288,0,0,0,0,0,0,CS_NONE
102424,69650,5296,0,0,0,0,0,0,CS_NONE
102432,69658,5304,0,0,0,0,0,0,CS_NONE
102440,69666,5312,0,0,0,0,0,0,CS_NONE
102448,69674,5320,0,0,0,0,0,0,CS_NONE
102456,69682,5328,0,0,0,0,0,0,CS_NONE
102464,69690,5336,0,0,0,0,0,0,CS_NONE
102472,69698,5344,0,0,0,0,0,0,CS_NONE
102480,69706,5352,0,0,0,0,0,0,CS_NONE
102488,69714,5360,0,0,0,0,0,0,CS_NONE
102496,69722,5368,0,0,0,0,0,0,CS_NONE
102504,69730,5376,0,0,0,0,0,0,CS_NONE
102512,69738,5384,0,0,0,0,0,0,CS_NONE
102520,69746,5392,0,0,0,0,0,0,CS_NONE
102528,69754,5400,0,0,0,0,0,0,CS_NONE
102536,69762,5408,0,0,0,0,0,0,CS_NONE
102544,69770,5416,0,0,0,0,0,0,CS_NONE
102552,69778,5424,0,0,0,0,0,0,CS_NONE
102560,69786,5432,0,0,0,0,0,0,CS_NONE
102568,69794,5440,0,0,0,0,0,0,CS_NONE
102576,69802,5448,0,0,0,0,0,0,CS_NONE
102584,69810,5456,0,0,0,0,0,0,CS_NONE
102592,69818,5464,0,0,0,0,0,0,CS_NONE
102600,69826,5472,0,0,0,0,0,0,CS_NONE
102608,69834,5480,0,0,0,0,0,0,CS_NONE
102616,69842,5488,0,0,0,0,0,0,CS_NONE
102624,69850,5496,0,0,0,0,0,0,CS_NONE
102632,69858,5504,0,0,0,0,0,0,CS_NONE
102640,69866,5512,0,0,0,0,0,0,CS_NONE
102648,69874,5520,0,0,0,0,0,0,CS_NONE
102656,69882,5528,0,0,0,0,0,0,CS_NONE
102664,69890,5536,0,0,0,0,0,0,CS_NONE
102672,69898,5544,0,0,0,0,0,0,CS_NONE
102680,69906,5552,0,0,0,0,0,0,CS_NONE
102688,69914,5560,0,0,0,0,0,0,CS_NONE
102696,69922,5568,0,0,0,0,0,0,CS_NONE
102704,69930,5576,0,0,0,0,0,0,CS_NONE
102712,69938,5584,0,0,0,0,0,0,CS_NONE
102720,69946,5592,0,0,0,0,0,0,CS_NONE
102728,69954,5600,0,0,0,0,0,0,CS_NONE
102736,69962,5608,0,0,0,0,0,0,CS_NONE
102744,69970,5616,0,0,0,0,0,0,CS_NONE
102752,69978,5624,0,0,0,0,0,0,CS_NONE
102760,69986,5632,0,0,0,0,0,0,CS_NONE
102768,69994,5640,0,0,0,0,0,0,CS_NONE
102776,70002,5648,0,0,0,0,0,0,CS_NONE
102784,70010,5656,0,0,0,0,0,0,CS_NONE
102792,70018,5664,0,0,0,0,0,0,CS_NONE
102800,70026,5672,0,0,0,0,0,0,CS_NONE
102808,70034,5680,0,0,0,0,0,0,CS_NONE
102816,70042,5688,0,0,0,0,0,0,CS_NONE
102824,70050,5696,0,0,0,0,0,0,CS_NONE
102832,70058,5704,0,0,0,0,0,0,CS_NONE
102840,70066,5712,0,0,0,0,0,0,CS_NONE
102848,70074,5720,0,0,0,0,0,0,CS_NONE
102856,70082,5728,0,0,0,0,0,0,CS_NONE
102864,70090,5736,0,0,0,0,0,0,CS_NONE
102872,70098,5744,0,0,0,0,0,0,CS_NONE
102880,70106,5752,0,0,0,0,0,0,CS_NONE
102888,70114,5760,0,0,0,0,0,0,CS_NONE
102896,70122,5768,0,0,0,0,0,0,CS_NONE
102904,70130,5776,0,0,0,0,0,0,CS_NONE
102912,70138,5784,0,0,0,0,0,0,CS_NONE
102920,70146,5792,0,0,0,0,0,0,CS_NONE
102928,70154,5800,0,0,0,0,0,0,CS_NONE
102936,70162,5808,0,0,0,0,0,0,CS_NONE
102944,70170,5816,0,0,0,0,0,0,CS_NONE
102952,70178,5824,0,0,0,0,0,0,CS_NONE
102960,70186,5832,0,0,0,0,0,0,CS_NONE
102968,70194,5840,0,0,0,0,0,0,CS_NONE
102976,70202,5848,0,0,0,0,0,0,CS_NONE
102984,70210,5856,0,0,0,0,0,0,CS_NONE
102992,70218,5864,0,0,0,0,0,0,CS_NONE
103000,70226,5872,0,0,0,0,0,0,CS_NONE
103008,70234,5880,0,0,0,0,0,0,CS_NONE
103016,70242,5888,0,0,0,0,0,0,CS_NONE
103024,70250,5896,0,0,0,0,0,0,CS_NONE
103032,70258,5904,0,0,0,0,0,0,CS_NONE
103040,70266,5912,0,0,0,0,0,0,CS_NONE
103048,70274,5920,0,0,0,0,0,0,CS_NONE
103056,70282,5928,0,0,0,0,0,0,CS_NONE
103064,70290,5936,0,0,0,0,0,0,CS_NONE
103072,70298,5944,0,0,0,0,0,0,CS_NONE
103080,70306,5952,0,0,0,0,0,0,CS_NONE
103088,70314,5960,0,0,0,0,0,0,CS_NONE
103096,70322,5968,0,0,0,0,0,0,CS_NONE
103104,70330,5976,0,0,0,0,0,0,CS_NONE
103112,70338,5984,0,0,0,0,0,0,CS_NONE
103120,70346,5992,0,0,0,0,0,0,CS_NONE
103128,70354,6000,0,0,0,0,0,0,CS_NONE
103136,70362,6008,0,0,0,0,0,0,CS_NONE
103144,70370,6016,0,0,0,0,0,0,CS_NONE
103152,70378,6024,0,0,0,0,0,0,CS_NONE
103160,70386,6032,0,0,0,0,0,0,CS_NONE
103168,70394,6040,0,0,0,0,0,0,CS_NONE
103176,70402,6048,0,0,0,0,0,0,CS_NONE
103184,70410,6056,0,0,0,0,0,0,CS_NONE
103192,70418,6064,0,0,0,0,0,0,CS_NONE
103200,70426,6072,0,0,0,0,0,0,CS_NONE
103208,70434,6080,0,0,0,0,0,0,CS_NONE
103216,70442,6088,0,0,0,0,0,0,CS_NONE
103224,70450,6096,0,0,0,0,0,0,CS_NONE
103232,70458,6104,0,0,0,0,0,0,CS_NONE
103240,70466,6112,0,0,0,0,0,0,CS_NONE
103248,70474,6120,0,0,0,0,0,0,CS_NONE
103256,70482,6128,0,0,0,0,0,0,CS_NONE
103264,70490,6136,0,0,0,0,0,0,CS_NONE
103272,70498,6144,0,0,0,0,0,0,CS_NONE
103280,70506,6152,0,0,0,0,0,0,CS_NONE
103288,70514,6160,0,0,0,0,0,0,CS_NONE
103296,70522,6168,0,0,0,0,0,0,CS_NONE
103304,70530,6176,0,0,0,0,0,0,CS_NONE
103312,70538,6184,0,0,0,0,0,0,CS_NONE
103320,70546,6192,0,0,0,0,0,0,CS_NONE
103328,70554,6200,0,0,0,0,0,0,CS_NONE
103336,70562,6208,0,0,0,0,0,0,CS_NONE
103344,70570,6216,0,0,0,0,0,0,CS_NONE
103352,70578,6224,0,0,0,0,0,0,CS_NONE
103360,70586,6232,0,0,0,0,0,0,CS_NONE
103368,70594,6240,0,0,0,0,0,0,CS_NONE
103376,70602,6248,0,0,0,0,0,0,CS_NONE
103384,70610,6256,0,0,0,0,0,0,CS_NONE
103392,70618,6264,0,0,0,0,0,0,CS_NONE
103400,70626,6272,0,0,0,0,0,0,CS_NONE
103408,70634,6280,0,0,0,0,0,0,CS_NONE
103416,70642,6288,0,0,0,0,0,0,CS_NONE
103424,70650,6296,0,0,0,0,0,0,CS_NONE
103432,70658,6304,0,0,0,0,0,0,CS_NONE
103440,70666,6312,0,0,0,0,0,0,CS_NONE
103448,70674,6320,0,0,0,0,0,0,CS_NONE
103456,70682,6328,0,0,0,0,0,0,CS_NONE
103464,70690,6336,0,0,0,0,0,0,CS_NONE
103472,70698,6344,0,0,0,0,0,0,CS_NONE
103480,70706,6352,0,0,0,0,0,0,CS_NONE
103488,70714,6360,0,0,0,0,0,0,CS_NONE
103496,70722,6368,0,0,0,0,0,0,CS_NONE
103504,70730,6376,0,0,0,0,0,0,CS_NONE
103512,70738,6384,0,0,0,0,0,0,CS_NONE
103520,70746,6392,0,0,0,0,0,0,CS_NONE
103528,70754,6400,0,0,0,0,0,0,CS_NONE
103536,70762,6408,0,0,0,0,0,0,CS_NONE
103544,70770,6416,0,0,0,0,0,0,CS_NONE
103552,70778,6424,0,0,0,0,0,0,CS_NONE
103560,70786,6432,0,0,0,0,0,0,CS_NONE
103568,70794,6440,0,0,0,0,0,0,CS_NONE
103576,70802,6448,0,0,0,0,0,0,CS_NONE
103584,70810,6456,0,0,0,0,0,0,CS_NONE
103592,70818,6464,0,0,0,0,0,0,CS_NONE
103600,70826,6472,0,0,0,0,0,0,CS_NONE
103608,70834,6480,0,0,0,0,0,0,CS_NONE
103616,70842,6488,0,0,0,0,0,0,CS_NONE
103624,70850,6496,0,0,0,0,0,0,CS_NONE
103632,70858,6504,0,0,0,0,0,0,CS_NONE
103640,70866,6512,0,0,0,0,0,0,CS_NONE
103648,70874,6520,0,0,0,0,0,0,CS_NONE
103656,70882,6528,0,0,0,0,0,0,CS_NONE
103664,70890,6536,0,0,0,0,0,0,CS_NONE
103672,70898,6544,0,0,0,0,0,0,CS_NONE
103680,70906,6552,0,0,0,0,0,0,CS_NONE
103688,70914,6560,0,0,0,0,0,0,CS_NONE
103696,70922,6568,0,0,0,0,0,0,CS_NONE
103704,70930,6576,0,0,0,0,0,0,CS_NONE
103712,70938,6584,0,0,0,0,0,0,CS_NONE
103720,70946,6592,0,0,0,0,0,0,CS_NONE
103728,70954,6600,0,0,0,0,0,0,CS_NONE
103736,70962,6608,0,0,0,0,0,0,CS_NONE
103744,70970,6616,0,0,0,0,0,0,CS_NONE
103752,70978,6624,0,0,0,0,0,0,CS_NONE
103760,70986,6632,0,0,0,0,0,0,CS_NONE
103768,70994,6640,0,0,0,0,0,0,CS_NONE
103776,71002,6648,0,0,0,0,0,0,CS_NONE
103784,71010,6656,0,0,0,0,0,0,CS_NONE
103792,71018,6664,0,0,0,0,0,0,CS_NONE
103800,71026,6672,0,0,0,0,0,0,CS_NONE
103808,71034,6680,0,0,0,0,0,0,CS_NONE
103816,71042,6688,0,0,0,0,0,0,CS_NONE
103824,71050,6696,0,0,0,0,0,0,CS_NONE
103832,71058,6704,0,0,0,0,0,0,CS_NONE
103840,71066,6712,0,0,0,0,0,0,CS_NONE
103848,71074,6720,0,0,0,0,0,0,CS_NONE
103856,71082,6728,0,0,0,0,0,0,CS_NONE
103864,71090,6736,0,0,0,0,0,0,CS_NONE
103872,71098,6744,0,0,0,0,0,0,CS_NONE
103880,71106,6752,0,0,0,0,0,0,CS_NONE
103888,71114,6760,0,0,0,0,0,0,CS_NONE
103896,71122,6768,0,0,0,0,0,0,CS_NONE
103904,71130,6776,0,0,0,0,0,0,CS_NONE
103912,71138,6784,0,0,0,0,0,0,CS_NONE
103920,71146,6792,0,0,0,0,0,0,CS_NONE
103928,71154,6800,0,0,0,0,0,0,CS_NONE
103936,71162,6808,0,0,0,0,0,0,CS_NONE
103944,71170,6816,0,0,0,0,0,0,CS_NONE
103952,71178,6824,0,0,0,0,0,0,CS_NONE
103960,71186,6832,0,0,0,0,0,0,CS_NONE
103968,71194,6840,0,0,0,0,0,0,CS_NONE
103976,71202,6848,0,0,0,0,0,0,CS_NONE
103984,71210,6856,0,0,0,0,0,0,CS_NONE
103992,71218,6864,0,0,0,0,0,0,CS_NONE
104000,71226,6872,0,0,0,0,0,0,CS_NONE
104008,71234,6880,0,0,0,0,0,0,CS_NONE
104016,71242,6888,0,0,0,0,0,0,CS_NONE
104024,71250,6896,0,0,0,0,0,0,CS_NONE
104032,71258,6904,0,0,0,0,0,0,CS_NONE
104040,71266,6912,0,0,0,0,0,0,CS_NONE
104048,71274,6920,0,0,0,0,0,0,CS_NONE
104056,71282,6928,0,0,0,0,0,0,CS_NONE
104064,71290,6936,0,0,0,0,0,0,CS_NONE
104072,71298,6944,0,0,0,0,0,0,CS_NONE
104080,71306,6952,0,0,0,0,0,0,CS_NONE
104088,71314,6960,0,0,0,0,0,0,CS_NONE
104096,71322,6968,0,0,0,0,0,0,CS_NONE
104104,71330,6976,0,0,0,0,0,0,CS_NONE
104112,71338,6984,0,0,0,0,0,0,CS_NONE
104120,71346,6992,0,0,0,0,0,0,CS_NONE
104128,71354,7000,0,0,0,0,0,0,CS_NONE
104136,71362,7008,0,0,0,0,0,0,CS_NONE
104144,71370,7016,0,0,0,0,0,0,CS_NONE
104152,71378,7024,0,0,0,0,0,0,CS_NONE
104160,71386,7032,0,0,0,0,0,0,CS_NONE
104168,71394,7040,0,0,0,0,0,0,CS_NONE
104176,71402,7048,0,0,0,0,0,0,CS_NONE
104184,71410,7056,0,0,0,0,0,0,CS_NONE
104192,71418,7064,0,0,0,0,0,0,CS_NONE
104200,71426,7072,0,0,0,0,0,0,CS_NONE
104208,71434,7080,0,0,0,0,0,0,CS_NONE
104216,71442,7088,0,0,0,0,0,0,CS_NONE
104224,71450,7096,0,0,0,0,0,0,CS_NONE
104232,71458,7104,0,0,0,0,0,0,CS_NONE
104240,71466,7112,0,0,0,0,0,0,CS_NONE
104248,71474,7120,0,0,0,0,0,0,CS_NONE
104256,71482,7128,0,0,0,0,0,0,CS_NONE
104264,71490,7136,0,0,0,0,0,0,CS_NONE
104272,71498,7144,0,0,0,0,0,0,CS_NONE
104280,71506,7152,0,0,0,0,0,0,CS_NONE
104288,71514,7160,0,0,0,0,0,0,CS_NONE
104296,71522,7168,0,0,0,0,0,0,CS_NONE
104304,71530,7176,0,0,0,0,0,0,CS_NONE
104312,71538,7184,0,0,0,0,0,0,CS_NONE
104320,71546,7192,0,0,0,0,0,0,CS_NONE
104328,71554,7200,0,0,0,0,0,0,CS_NONE
104336,71562,7208,0,0,0,0,0,0,CS_NONE
104344,71570,7216,0,0,0,0,0,0,CS_NONE
104352,71578,7224,0,0,0,0,0,0,CS_NONE
104360,71586,7232,0,0,0,0,0,0,CS_NONE
104368,71594,7240,0,0,0,0,0,0,CS_NONE
104376,71602,7248,0,0,0,0,0,0,CS_NONE
104384,71610,7256,0,0,0,0,0,0,CS_NONE
104392,71618,7264,0,0,0,0,0,0,CS_NONE
104400,71626,7272,0,0,0,0,0,0,CS_NONE
104408,71634,7280,0,0,0,0,0,0,CS_NONE
104416,71642,7288,0,0,0,0,0,0,CS_NONE
104424,71650,7296,0,0,0,0,0,0,CS_NONE
104432,71658,7304,0,0,0,0,0,0,CS_NONE
104440,71666,7312,0,0,0,0,0,0,CS_NONE
104448,71674,7320,0,0,0,0,0,0,CS_NONE
104456,71682,7328,0,0,0,0,0,0,CS_NONE
104464,71690,7336,0,0,0,0,0,0,CS_NONE
104472,71698,7344,0,0,0,0,0,0,CS_NONE
104480,71706,7352,0,0,0,0,0,0,CS_NONE
104488,71714,7360,0,0,0,0,0,0,CS_NONE
104496,71722,7368,0,0,0,0,0,0,CS_NONE
104504,71730,7376,0,0,0,0,0,0,CS_NONE
104512,71738,7384,0,0,0,0,0,0,CS_NONE
104520,71746,7392,0,0,0,0,0,0,CS_NONE
104528,71754,7400,0,0,0,0,0,0,CS_NONE
104536,71762,7408,0,0,0,0,0,0,CS_NONE
104544,71770,7416,0,0,0,0,0,0,CS_NONE
104552,71778,7424,0,0,0,0,0,0,CS_NONE
104560,71786,7432,0,0,0,0,0,0,CS_NONE
104568,71794,7440,0,0,0,0,0,0,CS_NONE
104576,71802,7448,0,0,0,0,0,0,CS_NONE
104584,71810,7456,0,0,0,0,0,0,CS_NONE
104592,71818,7464,0,0,0,0,0,0,CS_NONE
104600,71826,7472,0,0,0,0,0,0,CS_NONE
104608,71834,7480,0,0,0,0,0,0,CS_NONE
104616,71842,7488,0,0,0,0,0,0,CS_NONE
104624,71850,7496,0,0,0,0,0,0,CS_NONE
104632,71858,7504,0,0,0,0,0,0,CS_NONE
104640,71866,7512,0,0,0,0,0,0,CS_NONE
104648,71874,7520,0,0,0,0,0,0,CS_NONE
104656,71882,7528,0,0,0,0,0,0,CS_NONE
104664,71890,7536,0,0,0,0,0,0,CS_NONE
104672,71898,7544,0,0,0,0,0,0,CS_NONE
104680,71906,7552,0,0,0,0,0,0,CS_NONE
104688,71914,7560,0,0,0,0,0,0,CS_NONE
104696,71922,7568,0,0,0,0,0,0,CS_NONE
104704,71930,7576,0,0,0,0,0,0,CS_NONE
104712,71938,7584,0,0,0,0,0,0,CS_NONE
104720,71946,7592,0,0,0,0,0,0,CS_NONE
104728,71954,7600,0,0,0,0,0,0,CS_NONE
104736,71962,7608,0,0,0,0,0,0,CS_NONE
104744,71970,7616,0,0,0,0,0,0,CS_NONE
104752,71978,7624,0,0,0,0,0,0,CS_NONE
104760,71986,7632,0,0,0,0,0,0,CS_NONE
104768,71994,7640,0,0,0,0,0,0,CS_NONE
104776,72002,7648,0,0,0,0,0,0,CS_NONE
104784,72010,7656,0,0,0,0,0,0,CS_NONE
104792,72018,7664,0,0,0,0,0,0,CS_NONE
104800,72026,7672,0,0,0,0,0,0,CS_NONE
104808,72034,7680,0,0,0,0,0,0,CS_NONE
104816,72042,7688,0,0,0,0,0,0,CS_NONE
104824,72050,7696,0,0,0,0,0,0,CS_NONE
104832,72058,7704,0,0,0,0,0,0,CS_NONE
104840,72066,7712,0,0,0,0,0,0,CS_NONE
104848,72074,7720,0,0,0,0,0,0,CS_NONE
104856,72082,7728,0,0,0,0,0,0,CS_NONE
104864,72090,7736,0,0,0,0,0,0,CS_NONE
104872,72098,7744,0,0,0,0,0,0,CS_NONE
104880,72106,7752,0,0,0,0,0,0,CS_NONE
104888,72114,7760,0,0,0,0,0,0,CS_NONE
104896,72122,7768,0,0,0,0,0,0,CS_NONE
104904,72130,7776,0,0,0,0,0,0,CS_NONE
104912,72138,7784,0,0,0,0,0,0,CS_NONE
104920,72146,7792,0,0,0,0,0,0,CS_NONE
104928,72154,7800,0,0,0,0,0,0,CS_NONE
104936,72162,7808,0,0,0,0,0,0,CS_NONE
104944,72170,7816,0,0,0,0,0,0,CS_NONE
104952,72178,7824,0,0,0,0,0,0,CS_NONE
104960,72186,7832,0,0,0,0,0,0,CS_NONE
104968,72194,7840,0,0,0,0,0,0,CS_NONE
104976,72202,7848,0,0,0,0,0,0,CS_NONE
104984,72210,7856,0,0,0,0,0,0,CS_NONE
104992,72218,7864,0,0,0,0,0,0,CS_NONE
105000,72226,7872,0,0,0,0,0,0,CS_NONE
105008,72234,7880,0,0,0,0,0,0,CS_NONE
105016,72242,7888,0,0,0,0,0,0,CS_NONE
105024,72250,7896,0,0,0,0,0,0,CS_NONE
105032,72258,7904,0,0,0,0,0,0,CS_NONE
105040,72266,7912,0,0,0,0,0,0,CS_NONE
105048,72274,7920,0,0,0,0,0,0,CS_NONE
105056,72282,7928,0,0,0,0,0,0,CS_NONE
105064,72290,7936,0,0,0,0,0,0,CS_NONE
105072,72298,7944,0,0,0,0,0,0,CS_NONE
105080,72306,7952,0,0,0,0,0,0,CS_NONE
105088,72314,7960,0,0,0,0,0,0,CS_NONE
105096,72322,7968,0,0,0,0,0,0,CS_NONE
105104,72330,7976,0,0,0,0,0,0,CS_NONE
105112,72338,7984,0,0,0,0,0,0,CS_NONE
105120,72346,7992,0,0,0,0,0,0,CS_NONE
105128,72354,8000,0,0,0,0,0,0,CS_NONE
105136,72362,8008,0,0,0,0,0,0,CS_NONE
105144,72370,8016,0,0,0,0,0,0,CS_NONE
105152,72378,8024,0,0,0,0,0,0,CS_NONE
105160,72386,8032,0,0,0,0,0,0,CS_NONE
105168,72394,8040,0,0,0,0,0,0,CS_NONE
105176,72402,8048,0,0,0,0,0,0,CS_NONE
105184,72410,8056,0,0,0,0,0,0,CS_NONE
105192,72418,8064,0,0,0,0,0,0,CS_NONE
105200,72426,8072,0,0,0,0,0,0,CS_NONE
105208,72434,8080,0,0,0,0,0,0,CS_NONE
105216,72442,8088,0,0,0,0,0,0,CS_NONE
105224,72450,8096,0,0,0,0,0,0,CS_NONE
105232,72458,8104,0,0,0,0,0,0,CS_NONE
105240,72466,8112,0,0,0,0,0,0,CS_NONE
105248,72474,8120,0,0,0,0,0,0,CS_NONE
105256,72482,8128,0,0,0,0,0,0,CS_NONE
105264,72490,8136,0,0,0,0,0,0,CS_NONE
105272,72498,8144,0,0,0,0,0,0,CS_NONE
105280,72506,8152,0,0,0,0,0,0,CS_NONE
105288,72514,8160,0,0,0,0,0,0,CS_NONE
105296,72522,8168,0,0,0,0,0,0,CS_NONE
105304,72530,8176,0,0,0,0,0,0,CS_NONE
105312,72538,8184,0,0,0,0,0,0,CS_NONE
105320,72546,8192,0,0,0,0,0,0,CS_NONE
105328,72554,8200,0,0,0,0,0,0,CS_NONE
105336,72562,8208,0,0,0,0,0,0,CS_NONE
105344,72570,8216,0,0,0,0,0,0,CS_NONE
105352,72578,8224,0,0,0,0,0,0,CS_NONE
105360,72586,8232,0,0,0,0,0,0,CS_NONE
105368,72594,8240,0,0,0,0,0,0,CS_NONE
105376,72602,8248,0,0,0,0,0,0,CS_NONE
105384,72610,8256,0,0,0,0,0,0,CS_NONE
105392,72618,8264,0,0,0,0,0,0,CS_NONE
105400,72626,8272,0,0,0,0,0,0,CS_NONE
105408,72634,8280,0,0,0,0,0,0,CS_NONE
105416,72642,8288,0,0,0,0,0,0,CS_NONE
105424,72650,8296,0,0,0,0,0,0,CS_NONE
105432,72658,8304,0,0,0,0,0,0,CS_NONE
105440,72666,8312,0,0,0,0,0,0,CS_NONE
105448,72674,8320,0,0,0,0,0,0,CS_NONE
105456,72682,8328,0,0,0,0,0,0,CS_NONE
105464,72690,8336,0,0,0,0,0,0,CS_NONE
105472,72698,8344,0,0,0,0,0,0,CS_NONE
105480,72706,8352,0,0,0,0,0,0,CS_NONE
105488,72714,8360,0,0,0,0,0,0,CS_NONE
105496,72722,8368,0,0,0,0,0,0,CS_NONE
105504,72730,8376,0,0,0,0,0,0,CS_NONE
105512,72738,8384,0,0,0,0,0,0,CS_NONE
105520,72746,8392,0,0,0,0,0,0,CS_NONE
105528,72754,8400,0,0,0,0,0,0,CS_NONE
105536,72762,8408,0,0,0,0,0,0,CS_NONE
105544,72770,8416,0,0,0,0,0,0,CS_NONE
105552,72778,8424,0,0,0,0,0,0,CS_NONE
105560,72786,8432,0,0,0,0,0,0,CS_NONE
105568,72794,8440,0,0,0,0,0,0,CS_NONE
105576,72802,8448,0,0,0,0,0,0,CS_NONE
105584,72810,8456,0,0,0,0,0,0,CS_NONE
105592,72818,8464,0,0,0,0,0,0,CS_NONE
105600,72826,8472,0,0,0,0,0,0,CS_NONE
105608,72834,8480,0,0,0,0,0,0,CS_NONE
105616,72842,8488,0,0,0,0,0,0,CS_NONE
105624,72850,8496,0,0,0,0,0,0,CS_NONE
105632,72858,8504,0,0,0,0,0,0,CS_NONE
105640,72866,8512,0,0,0,0,0,0,CS_NONE
105648,72874,8520,0,0,0,0,0,0,CS_NONE
105656,72882,8528,0,0,0,0,0,0,CS_NONE
105664,72890,8536,0,0,0,0,0,0,CS_NONE
105672,72898,8544,0,0,0,0,0,0,CS_NONE
105680,72906,8552,0,0,0,0,0,0,CS_NONE
105688,72914,8560,0,0,0,0,0,0,CS_NONE
105696,72922,8568,0,0,0,0,0,0,CS_NONE
105704,72930,8576,0,0,0,0,0,0,CS_NONE
105712,72938,8584,0,0,0,0,0,0,CS_NONE
105720,72946,8592,0,0,0,0,0,0,CS_NONE
105728,72954,8600,0,0,0,0,0,0,CS_NONE
105736,72962,8608,0,0,0,0,0,0,CS_NONE
105744,72970,8616,0,0,0,0,0,0,CS_NONE
105752,72978,8624,0,0,0,0,0,0,CS_NONE
105760,72986,8632,0,0,0,0,0,0,CS_NONE
105768,72994,8640,0,0,0,0,0,0,CS_NONE
105776,73002,8648,0,0,0,0,0,0,CS_NONE
105784,73010,8656,0,0,0,0,0,0,CS_NONE
105792,73018,8664,0,0,0,0,0,0,CS_NONE
105800,73026,8672,0,0,0,0,0,0,CS_NONE
105808,73034,8680,0,0,0,0,0,0,CS_NONE
105816,73042,8688,0,0,0,0,0,0,CS_NONE
105824,73050,8696,0,0,0,0,0,0,CS_NONE
105832,73058,8704,0,0,0,0,0,0,CS_NONE
105840,73066,8712,0,0,0,0,0,0,CS_NONE
105848,73074,8720,0,0,0,0,0,0,CS_NONE
105856,73082,8728,0,0,0,0,0,0,CS_NONE
105864,73090,8736,0,0,0,0,0,0,CS_NONE
105872,73098,8744,0,0,0,0,0,0,CS_NONE
105880,73106,8752,0,0,0,0,0,0,CS_NONE
105888,73114,8760,0,0,0,0,0,0,CS_NONE
105896,73122,8768,0,0,0,0,0,0,CS_NONE
105904,73130,8776,0,0,0,0,0,0,CS_NONE
105912,73138,8784,0,0,0,0,0,0,CS_NONE
105920,73146,8792,0,0,0,0,0,0,CS_NONE
105928,73154,8800,0,0,0,0,0,0,CS_NONE
105936,73162,8808,0,0,0,0,0,0,CS_NONE
105944,73170,8816,0,0,0,0,0,0,CS_NONE
105952,73178,8824,0,0,0,0,0,0,CS_NONE
105960,73186,8832,0,0,0,0,0,0,CS_NONE
105968,73194,8840,0,0,0,0,0,0,CS_NONE
105976,73202,8848,0,0,0,0,0,0,CS_NONE
105984,73210,8856,0,0,0,0,0,0,CS_NONE
105992,73218,8864,0,0,0,0,0,0,CS_NONE
106000,73226,8872,0,0,0,0,0,0,CS_NONE
106008,73234,8880,0,0,0,0,0,0,CS_NONE
106016,73242,8888,0,0,0,0,0,0,CS_NONE
106024,73250,8896,0,0,0,0,0,0,CS_NONE
106032,73258,8904,0,0,0,0,0,0,CS_NONE
106040,73266,8912,0,0,0,0,0,0,CS_NONE
106048,73274,8920,0,0,0,0,0,0,CS_NONE
106056,73282,8928,0,0,0,0,0,0,CS_NONE
106064,73290,8936,0,0,0,0,0,0,CS_NONE
106072,73298,8944,0,0,0,0,0,0,CS_NONE
106080,73306,8952,0,0,0,0,0,0,CS_NONE
106088,73314,8960,0,0,0,0,0,0,CS_NONE
106096,73322,8968,0,0,0,0,0,0,CS_NONE
106104,73330,8976,0,0,0,0,0,0,CS_NONE
106112,73338,8984,0,0,0,0,0,0,CS_NONE
106120,73346,8992,0,0,0,0,0,0,CS_NONE
106128,73354,9000,0,0,0,0,0,0,CS_NONE
106136,73362,9008,0,0,0,0,0,0,CS_NONE
106144,73370,9016,0,0,0,0,0,0,CS_NONE
106152,73378,9024,0,0,0,0,0,0,CS_NONE
106160,73386,9032,0,0,0,0,0,0,CS_NONE
106168,73394,9040,0,0,0,0,0,0,CS_NONE
106176,73402,9048,0,0,0,0,0,0,CS_NONE
106184,73410,9056,0,0,0,0,0,0,CS_NONE
106192,73418,9064,0,0,0,0,0,0,CS_NONE
106200,73426,9072,0,0,0,0,0,0,CS_NONE
106208,73434,9080,0,0,0,0,0,0,CS_NONE
106216,73442,9088,0,0,0,0,0,0,CS_NONE
106224,73450,9096,0,0,0,0,0,0,CS_NONE
106232,73458,9104,0,0,0,0,0,0,CS_NONE
106240,73466,9112,0,0,0,0,0,0,CS_NONE
106248,73474,9120,0,0,0,0,0,0,CS_NONE
106256,73482,9128,0,0,0,0,0,0,CS_NONE
106264,73490,9136,0,0,0,0,0,0,CS_NONE
106272,73498,9144,0,0,0,0,0,0,CS_NONE
106280,73506,9152,0,0,0,0,0,0,CS_NONE
106288,73514,9160,0,0,0,0,0,0,CS_NONE
106296,73522,9168,0,0,0,0,0,0,CS_NONE
106304,73530,9176,0,0,0,0,0,0,CS_NONE
106312,73538,9184,0,0,0,0,0,0,CS_NONE
106320,73546,9192,0,0,0,0,0,0,CS_NONE
106328,73554,9200,0,0,0,0,0,0,CS_NONE
106336,73562,9208,0,0,0,0,0,0,CS_NONE
106344,73570,9216,0,0,0,0,0,0,CS_NONE
106352,73578,9224,0,0,0,0,0,0,CS_NONE
106360,73586,9232,0,0,0,0,0,0,CS_NONE
106368,73594,9240,0,0,0,0,0,0,CS_NONE
106376,73602,9248,0,0,0,0,0,0,CS_NONE
106384,73610,9256,0,0,0,0,0,0,CS_NONE
106392,73618,9264,0,0,0,0,0,0,CS_NONE
106400,73626,9272,0,0,0,0,0,0,CS_NONE
106408,73634,9280,0,0,0,0,0,0,CS_NONE
106416,73642,9288,0,0,0,0,0,0,CS_NONE
106424,73650,9296,0,0,0,0,0,0,CS_NONE
106432,73658,9304,0,0,0,0,0,0,CS_NONE
106440,73666,9312,0,0,0,0,0,0,CS_NONE
106448,73674,9320,0,0,0,0,0,0,CS_NONE
106456,73682,9328,0,0,0,0,0,0,CS_NONE
106464,73690,9336,0,0,0,0,0,0,CS_NONE
106472,73698,9344,0,0,0,0,0,0,CS_NONE
106480,73706,9352,0,0,0,0,0,0,CS_NONE
106488,73714,9360,0,0,0,0,0,0,CS_NONE
106496,73722,9368,0,0,0,0,0,0,CS_NONE
106504,73730,9376,0,0,0,0,0,0,CS_NONE
106512,73738,9384,0,0,0,0,0,0,CS_NONE
106520,73746,9392,0,0,0,0,0,0,CS_NONE
106528,73754,9400,0,0,0,0,0,0,CS_NONE
106536,73762,9408,0,0,0,0,0,0,CS_NONE
106544,73770,9416,0,0,0,0,0,0,CS_NONE
106552,73778,9424,0,0,0,0,0,0,CS_NONE
106560,73786,9432,0,0,0,0,0,0,CS_NONE
106568,73794,9440,0,0,0,0,0,0,CS_NONE
106576,73802,9448,0,0,0,0,0,0,CS_NONE
106584,73810,9456,0,0,0,0,0,0,CS_NONE
106592,73818,9464,0,0,0,0,0,0,CS_NONE
106600,73826,9472,0,0,0,0,0,0,CS_NONE
106608,73834,9480,0,0,0,0,0,0,CS_NONE
106616,73842,9488,0,0,0,0,0,0,CS_NONE
106624,73850,9496,0,0,0,0,0,0,CS_NONE
106632,73858,9504,0,0,0,0,0,0,CS_NONE
106640,73866,9512,0,0,0,0,0,0,CS_NONE
106648,73874,9520,0,0,0,0,0,0,CS_NONE
106656,73882,9528,0,0,0,0,0,0,CS_NONE
106664,73890,9536,0,0,0,0,0,0,CS_NONE
106672,73898,9544,0,0,0,0,0,0,CS_NONE
106680,73906,9552,0,0,0,0,0,0,CS_NONE
106688,73914,9560,0,0,0,0,0,0,CS_NONE
106696,73922,9568,0,0,0,0,0,0,CS_NONE
106704,73930,9576,0,0,0,0,0,0,CS_NONE
106712,73938,9584,0,0,0,0,0,0,CS_NONE
106720,73946,9592,0,0,0,0,0,0,CS_NONE
106728,73954,9600,0,0,0,0,0,0,CS_NONE
106736,73962,9608,0,0,0,0,0,0,CS_NONE
106744,73970,9616,0,0,0,0,0,0,CS_NONE
106752,73978,9624,0,0,0,0,0,0,CS_NONE
106760,73986,9632,0,0,0,0,0,0,CS_NONE
106768,73994,9640,0,0,0,0,0,0,CS_NONE
106776,74002,9648,0,0,0,0,0,0,CS_NONE
106784,74010,9656,0,0,0,0,0,0,CS_NONE
106792,74018,9664,0,0,0,0,0,0,CS_NONE
106800,74026,9672,0,0,0,0,0,0,CS_NONE
106808,74034,9680,0,0,0,0,0,0,CS_NONE
106816,74042,9688,0,0,0,0,0,0,CS_NONE
106824,74050,9696,0,0,0,0,0,0,CS_NONE
106832,74058,9704,0,0,0,0,0,0,CS_NONE
106840,74066,9712,0,0,0,0,0,0,CS_NONE
106848,74074,9720,0,0,0,0,0,0,CS_NONE
106856,74082,9728,0,0,0,0,0,0,CS_NONE
106864,74090,9736,0,0,0,0,0,0,CS_NONE
106872,74098,9744,0,0,0,0,0,0,CS_NONE
106880,74106,9752,0,0,0,0,0,0,CS_NONE
106888,74114,9760,0,0,0,0,0,0,CS_NONE
106896,74122,9768,0,0,0,0,0,0,CS_NONE
106904,74130,9776,0,0,0,0,0,0,CS_NONE
106912,74138,9784,0,0,0,0,0,0,CS_NONE
106920,74146,9792,0,0,0,0,0,0,CS_NONE
106928,74154,9800,0,0,0,0,0,0,CS_NONE
106936,74162,9808,0,0,0,0,0,0,CS_NONE
106944,74170,9816,0,0,0,0,0,0,CS_NONE
106952,74178,9824,0,0,0,0,0,0,CS_NONE
106960,74186,9832,0,0,0,0,0,0,CS_NONE
106968,74194,9840,0,0,0,0,0,0,CS_NONE
106976,74202,9848,0,0,0,0,0,0,CS_NONE
106984,74210,9856,0,0,0,0,0,0,CS_NONE
106992,74218,9864,0,0,0,0,0,0,CS_NONE
107000,74226,9872,0,0,0,0,0,0,CS_NONE
107008,74234,9880,0,0,0,0,0,0,CS_NONE
107016,74242,9888,0,0,0,0,0,0,CS_NONE
107024,74250,9896,0,0,0,0,0,0,CS_NONE
107032,74258,9904,0,0,0,0,0,0,CS_NONE
107040,74266,9912,0,0,0,0,0,0,CS_NONE
107048,74274,9920,0,0,0,0,0,0,CS_NONE
107056,74282,9928,0,0,0,0,0,0,CS_NONE
107064,74290,9936,0,0,0,0,0,0,CS_NONE
107072,74298,9944,0,0,0,0,0,0,CS_NONE
107080,74306,9952,0,0,0,0,0,0,CS_NONE
107088,74314,9960,0,0,0,0,0,0,CS_NONE
107096,74322,9968,0,0,0,0,0,0,CS_NONE
107104,74330,9976,0,0,0,0,0,0,CS_NONE
107112,74338,9984,0,0,0,0,0,0,CS_NONE
107120,74346,9992,0,0,0,0,0,0,CS_NONE
107128,74354,10000,0,0,0,0,0,0,CS_NONE
107136,74362,10008,0,0,0,0,0,0,CS_NONE
107144,74370,10016,0,0,0,0,0,0,CS_NONE
107152,74378,10024,0,0,0,0,0,0,CS_NONE
107160,74386,10032,0,0,0,0,0,0,CS_NONE
107168,74394,10040,0,0,0,0,0,0,CS_NONE
107176,74402,10048,0,0,0,0,0,0,CS_NONE
107184,74410,10056,0,0,0,0,0,0,CS_NONE
107192,74418,10064,0,0,0,0,0,0,CS_NONE
107200,74426,10072,0,0,0,0,0,0,CS_NONE
107208,74434,10080,0,0,0,0,0,0,CS_NONE
107216,74442,10088,0,0,0,0,0,0,CS_NONE
107224,74450,10096,0,0,0,0,0,0,CS_NONE
107232,74458,10104,0,0,0,0,0,0,CS_NONE
107240,74466,10112,0,0,0,0,0,0,CS_NONE
107248,74474,10120,0,0,0,0,0,0,CS_NONE
107256,74482,10128,0,0,0,0,0,0,CS_NONE
107264,74490,10136,0,0,0,0,0,0,CS_NONE
107272,74498,10144,0,0,0,0,0,0,CS_NONE
107280,74506,10152,0,0,0,0,0,0,CS_NONE
107288,74514,10160,0,0,0,0,0,0,CS_NONE
107296,74522,10168,0,0,0,0,0,0,CS_NONE
107304,74530,10176,0,0,0,0,0,0,CS_NONE
107312,74538,10184,0,0,0,0,0,0,CS_NONE
107320,74546,10192,0,0,0,0,0,0,CS_NONE
107328,74554,10200,0,0,0,0,0,0,CS_NONE
107336,74562,10208,0,0,0,0,0,0,CS_NONE
107344,74570,10216,0,0,0,0,0,0,CS_NONE
107352,74578,10224,0,0,0,0,0,0,CS_NONE
107360,74586,10232,0,0,0,0,0,0,CS_NONE
107368,74594,10240,0,0,0,0,0,0,CS_NONE
107376,74602,10248,0,0,0,0,0,0,CS_NONE
107384,74610,10256,0,0,0,0,0,0,CS_NONE
107392,74618,10264,0,0,0,0,0,0,CS_NONE
107400,74626,10272,0,0,0,0,0,0,CS_NONE
107408,74634,10280,0,0,0,0,0,0,CS_NONE
107416,74642,10288,0,0,0,0,0,0,CS_NONE
107424,74650,10296,0,0,0,0,0,0,CS_NONE
107432,74658,10304,0,0,0,0,0,0,CS_NONE
107440,74666,10312,0,0,0,0,0,0,CS_NONE
107448,74674,10320,0,0,0,0,0,0,CS_NONE
107456,74682,10328,0,0,0,0,0,0,CS_NONE
107464,74690,10336,0,0,0,0,0,0,CS_NONE
107472,74698,10344,0,0,0,0,0,0,CS_NONE
107480,74706,10352,0,0,0,0,0,0,CS_NONE
107488,74714,10360,0,0,0,0,0,0,CS_NONE
107496,74722,10368,0,0,0,0,0,0,CS_NONE
107504,74730,10376,0,0,0,0,0,0,CS_NONE
107512,74738,10384,0,0,0,0,0,0,CS_NONE
107520,74746,10392,0,0,0,0,0,0,CS_NONE
107528,74754,10400,0,0,0,0,0,0,CS_NONE
107536,74762,10408,0,0,0,0,0,0,CS_NONE
107544,74770,10416,0,0,0,0,0,0,CS_NONE
107552,74778,10424,0,0,0,0,0,0,CS_NONE
107560,74786,10432,0,0,0,0,0,0,CS_NONE
107568,74794,10440,0,0,0,0,0,0,CS_NONE
107576,74802,10448,0,0,0,0,0,0,CS_NONE
107584,74810,10456,0,0,0,0,0,0,CS_NONE
107592,74818,10464,0,0,0,0,0,0,CS_NONE
107600,74826,10472,0,0,0,0,0,0,CS_NONE
107608,74834,10480,0,0,0,0,0,0,CS_NONE
107616,74842,10488,0,0,0,0,0,0,CS_NONE
107624,74850,10496,0,0,0,0,0,0,CS_NONE
107632,74858,10504,0,0,0,0,0,0,CS_NONE
107640,74866,10512,0,0,0,0,0,0,CS_NONE
107648,74874,10520,0,0,0,0,0,0,CS_NONE
107656,74882,10528,0,0,0,0,0,0,CS_NONE
107664,74890,10536,0,0,0,0,0,0,CS_NONE
107672,74898,10544,0,0,0,0,0,0,CS_NONE
107680,74906,10552,0,0,0,0,0,0,CS_NONE
107688,74914,10560,0,0,0,0,0,0,CS_NONE
107696,74922,10568,0,0,0,0,0,0,CS_NONE
107704,74930,10576,0,0,0,0,0,0,CS_NONE
107712,74938,10584,0,0,0,0,0,0,CS_NONE
107720,74946,10592,0,0,0,0,0,0,CS_NONE
107728,74954,10600,0,0,0,0,0,0,CS_NONE
107736,74962,10608,0,0,0,0,0,0,CS_NONE
107744,74970,10616,0,0,0,0,0,0,CS_NONE
107752,74978,10624,0,0,0,0,0,0,CS_NONE
107760,74986,10632,0,0,0,0,0,0,CS_NONE
107768,74994,10640,0,0,0,0,0,0,CS_NONE
107776,75002,10648,0,0,0,0,0,0,CS_NONE
107784,75010,10656,0,0,0,0,0,0,CS_NONE
107792,75018,10664,0,0,0,0,0,0,CS_NONE
107800,75026,10672,0,0,0,0,0,0,CS_NONE
107808,75034,10680,0,0,0,0,0,0,CS_NONE
107816,75042,10688,0,0,0,0,0,0,CS_NONE
107824,75050,10696,0,0,0,0,0,0,CS_NONE
107832,75058,10704,0,0,0,0,0,0,CS_NONE
107840,75066,10712,0,0,0,0,0,0,CS_NONE
107848,75074,10720,0,0,0,0,0,0,CS_NONE
107856,75082,10728,0,0,0,0,0,0,CS_NONE
107864,75090,10736,0,0,0,0,0,0,CS_NONE
107872,75098,10744,0,0,0,0,0,0,CS_NONE
107880,75106,10752,0,0,0,0,0,0,CS_NONE
107888,75114,10760,0,0,0,0,0,0,CS_NONE
107896,75122,10768,0,0,0,0,0,0,CS_NONE
107904,75130,10776,0,0,0,0,0,0,CS_NONE
107912,75138,10784,0,0,0,0,0,0,CS_NONE
107920,75146,10792,0,0,0,0,0,0,CS_NONE
107928,75154,10800,0,0,0,0,0,0,CS_NONE
107936,75162,10808,0,0,0,0,0,0,CS_NONE
107944,75170,10816,0,0,0,0,0,0,CS_NONE
107952,75178,10824,0,0,0,0,0,0,CS_NONE
107960,75186,10832,0,0,0,0,0,0,CS_NONE
107968,75194,10840,0,0,0,0,0,0,CS_NONE
107976,75202,10848,0,0,0,0,0,0,CS_NONE
107984,75210,10856,0,0,0,0,0,0,CS_NONE
107992,75218,10864,0,0,0,0,0,0,CS_NONE
108000,75226,10872,0,0,0,0,0,0,CS_NONE
108008,75234,10880,0,0,0,0,0,0,CS_NONE
108016,75242,10888,0,0,0,0,0,0,CS_NONE
108024,75250,10896,0,0,0,0,0,0,CS_NONE
108032,75258,10904,0,0,0,0,0,0,CS_NONE
108040,75266,10912,0,0,0,0,0,0,CS_NONE
108048,75274,10920,0,0,0,0,0,0,CS_NONE
108056,75282,10928,0,0,0,0,0,0,CS_NONE
108064,75290,10936,0,0,0,0,0,0,CS_NONE
108072,75298,10944,0,0,0,0,0,0,CS_NONE
108080,75306,10952,0,0,0,0,0,0,CS_NONE
108088,75314,10960,0,0,0,0,0,0,CS_NONE
108096,75322,10968,0,0,0,0,0,0,CS_NONE
108104,75330,10976,0,0,0,0,0,0,CS_NONE
108112,75338,10984,0,0,0,0,0,0,CS_NONE
108120,75346,10992,0,0,0,0,0,0,CS_NONE
108128,75354,11000,0,0,0,0,0,0,CS_NONE
108136,75362,11008,0,0,0,0,0,0,CS_NONE
108144,75370,11016,0,0,0,0,0,0,CS_NONE
108152,75378,11024,0,0,0,0,0,0,CS_NONE
108160,75386,11032,0,0,0,0,0,0,CS_NONE
108168,75394,11040,0,0,0,0,0,0,CS_NONE
108176,75402,11048,0,0,0,0,0,0,CS_NONE
108184,75410,11056,0,0,0,0,0,0,CS_NONE
108192,75418,11064,0,0,0,0,0,0,CS_NONE
108200,75426,11072,0,0,0,0,0,0,CS_NONE
108208,75434,11080,0,0,0,0,0,0,CS_NONE
108216,75442,11088,0,0,0,0,0,0,CS_NONE
108224,75450,11096,0,0,0,0,0,0,CS_NONE
108232,75458,11104,0,0,0,0,0,0,CS_NONE
108240,75466,11112,0,0,0,0,0,0,CS_NONE
108248,75474,11120,0,0,0,0,0,0,CS_NONE
108256,75482,11128,0,0,0,0,0,0,CS_NONE
108264,75490,11136,0,0,0,0,0,0,CS_NONE
108272,75498,11144,0,0,0,0,0,0,CS_NONE
108280,75506,11152,0,0,0,0,0,0,CS_NONE
108288,75514,11160,0,0,0,0,0,0,CS_NONE
108296,75522,11168,0,0,0,0,0,0,CS_NONE
108304,75530,11176,0,0,0,0,0,0,CS_NONE
108312,75538,11184,0,0,0,0,0,0,CS_NONE
108320,75546,11192,0,0,0,0,0,0,CS_NONE
108328,75554,11200,0,0,0,0,0,0,CS_NONE
108336,75562,11208,0,0,0,0,0,0,CS_NONE
108344,75570,11216,0,0,0,0,0,0,CS_NONE
108352,75578,11224,0,0,0,0,0,0,CS_NONE
108360,75586,11232,0,0,0,0,0,0,CS_NONE
108368,75594,11240,0,0,0,0,0,0,CS_NONE
108376,75602,11248,0,0,0,0,0,0,CS_NONE
108384,75610,11256,0,0,0,0,0,0,CS_NONE
108392,75618,11264,0,0,0,0,0,0,CS_NONE
108400,75626,11272,0,0,0,0,0,0,CS_NONE
108408,75634,11280,0,0,0,0,0,0,CS_NONE
108416,75642,11288,0,0,0,0,0,0,CS_NONE
108424,75650,11296,0,0,0,0,0,0,CS_NONE
108432,75658,11304,0,0,0,0,0,0,CS_NONE
108440,75666,11312,0,0,0,0,0,0,CS_NONE
108448,75674,11320,0,0,0,0,0,0,CS_NONE
108456,75682,11328,0,0,0,0,0,0,CS_NONE
108464,75690,11336,0,0,0,0,0,0,CS_NONE
108472,75698,11344,0,0,0,0,0,0,CS_NONE
108480,75706,11352,0,0,0,0,0,0,CS_NONE
108488,75714,11360,0,0,0,0,0,0,CS_NONE
108496,75722,11368,0,0,0,0,0,0,CS_NONE
108504,75730,11376,0,0,0,0,0,0,CS_NONE
108512,75738,11384,0,0,0,0,0,0,CS_NONE
108520,75746,11392,0,0,0,0,0,0,CS_NONE
108528,75754,11400,0,0,0,0,0,0,CS_NONE
108536,75762,11408,0,0,0,0,0,0,CS_NONE
108544,75770,11416,0,0,0,0,0,0,CS_NONE
108552,75778,11424,0,0,0,0,0,0,CS_NONE
108560,75786,11432,0,0,0,0,0,0,CS_NONE
108568,75794,11440,0,0,0,0,0,0,CS_NONE
108576,75802,11448,0,0,0,0,0,0,CS_NONE
108584,75810,11456,0,0,0,0,0,0,CS_NONE
108592,75818,11464,0,0,0,0,0,0,CS_NONE
108600,75826,11472,0,0,0,0,0,0,CS_NONE
108608,75834,11480,0,0,0,0,0,0,CS_NONE
108616,75842,11488,0,0,0,0,0,0,CS_NONE
108624,75850,11496,0,0,0,0,0,0,CS_NONE
108632,75858,11504,0,0,0,0,0,0,CS_NONE
108640,75866,11512,0,0,0,0,0,0,CS_NONE
108648,75874,11520,0,0,0,0,0,0,CS_NONE
108656,75882,11528,0,0,0,0,0,0,CS_NONE
108664,75890,11536,0,0,0,0,0,0,CS_NONE
108672,75898,11544,0,0,0,0,0,0,CS_NONE
108680,75906,11552,0,0,0,0,0,0,CS_NONE
108688,75914,11560,0,0,0,0,0,0,CS_NONE
108696,75922,11568,0,0,0,0,0,0,CS_NONE
108704,75930,11576,0,0,0,0,0,0,CS_NONE
108712,75938,11584,0,0,0,0,0,0,CS_NONE
108720,75946,11592,0,0,0,0,0,0,CS_NONE
108728,75954,11600,0,0,0,0,0,0,CS_NONE
108736,75962,11608,0,0,0,0,0,0,CS_NONE
108744,75970,11616,0,0,0,0,0,0,CS_NONE
108752,75978,11624,0,0,0,0,0,0,CS_NONE
108760,75986,11632,0,0,0,0,0,0,CS_NONE
108768,75994,11640,0,0,0,0,0,0,CS_NONE
108776,76002,11648,0,0,0,0,0,0,CS_NONE
108784,76010,11656,0,0,0,0,0,0,CS_NONE
108792,76018,11664,0,0,0,0,0,0,CS_NONE
108800,76026,11672,0,0,0,0,0,0,CS_NONE
108808,76034,11680,0,0,0,0,0,0,CS_NONE
108816,76042,11688,0,0,0,0,0,0,CS_NONE
108824,76050,11696,0,0,0,0,0,0,CS_NONE
108832,76058,11704,0,0,0,0,0,0,CS_NONE
108840,76066,11712,0,0,0,0,0,0,CS_NONE
108848,76074,11720,0,0,0,0,0,0,CS_NONE
108856,76082,11728,0,0,0,0,0,0,CS_NONE
108864,76090,11736,0,0,0,0,0,0,CS_NONE
108872,76098,11744,0,0,0,0,0,0,CS_NONE
108880,76106,11752,0,0,0,0,0,0,CS_NONE
108888,76114,11760,0,0,0,0,0,0,CS_NONE
108896,76122,11768,0,0,0,0,0,0,CS_NONE
108904,76130,11776,0,0,0,0,0,0,CS_NONE
108912,76138,11784,0,0,0,0,0,0,CS_NONE
108920,76146,11792,0,0,0,0,0,0,CS_NONE
108928,76154,11800,0,0,0,0,0,0,CS_NONE
108936,76162,11808,0,0,0,0,0,0,CS_NONE
108944,76170,11816,0,0,0,0,0,0,CS_NONE
108952,76178,11824,0,0,0,0,0,0,CS_NONE
108960,76186,11832,0,0,0,0,0,0,CS_NONE
108968,76194,11840,0,0,0,0,0,0,CS_NONE
108976,76202,11848,0,0,0,0,0,0,CS_NONE
108984,76210,11856,0,0,0,0,0,0,CS_NONE
108992,76218,11864,0,0,0,0,0,0,CS_NONE
109000,76226,11872,0,0,0,0,0,0,CS_NONE
109008,76234,11880,0,0,0,0,0,0,CS_NONE
109016,76242,11888,0,0,0,0,0,0,CS_NONE
109024,76250,11896,0,0,0,0,0,0,CS_NONE
109032,76258,11904,0,0,0,0,0,0,CS_NONE
109040,76266,11912,0,0,0,0,0,0,CS_NONE
109048,76274,11920,0,0,0,0,0,0,CS_NONE
109056,76282,11928,0,0,0,0,0,0,CS_NONE
109064,76290,11936,0,0,0,0,0,0,CS_NONE
109072,76298,11944,0,0,0,0,0,0,CS_NONE
109080,76306,11952,0,0,0,0,0,0,CS_NONE
109088,76314,11960,0,0,0,0,0,0,CS_NONE
109096,76322,11968,0,0,0,0,0,0,CS_NONE
109104,76330,11976,0,0,0,0,0,0,CS_NONE
109112,76338,11984,0,0,0,0,0,0,CS_NONE
109120,76346,11992,0,0,0,0,0,0,CS_NONE
109128,76354,12000,0,0,0,0,0,0,CS_NONE
109136,76362,12008,0,0,0,0,0,0,CS_NONE
109144,76370,12016,0,0,0,0,0,0,CS_NONE
109152,76378,12024,0,0,0,0,0,0,CS_NONE
109160,76386,12032,0,0,0,0,0,0,CS_NONE
109168,76394,12040,0,0,0,0,0,0,CS_NONE
109176,76402,12048,0,0,0,0,0,0,CS_NONE
109184,76410,12056,0,0,0,0,0,0,CS_NONE
109192,76418,12064,0,0,0,0,0,0,CS_NONE
109200,76426,12072,0,0,0,0,0,0,CS_NONE
109208,76434,12080,0,0,0,0,0,0,CS_NONE
109216,76442,12088,0,0,0,0,0,0,CS_NONE
109224,76450,12096,0,0,0,0,0,0,CS_NONE
109232,76458,12104,0,0,0,0,0,0,CS_NONE
109240,76466,12112,0,0,0,0,0,0,CS_NONE
109248,76474,12120,0,0,0,0,0,0,CS_NONE
109256,76482,12128,0,0,0,0,0,0,CS_NONE
109264,76490,12136,0,0,0,0,0,0,CS_NONE
109272,76498,12144,0,0,0,0,0,0,CS_NONE
109280,76506,12152,0,0,0,0,0,0,CS_NONE
109288,76514,12160,0,0,0,0,0,0,CS_NONE
109296,76522,12168,0,0,0,0,0,0,CS_NONE
109304,76530,12176,0,0,0,0,0,0,CS_NONE
109312,76538,12184,0,0,0,0,0,0,CS_NONE
109320,76546,12192,0,0,0,0,0,0,CS_NONE
109328,76554,12200,0,0,0,0,0,0,CS_NONE
109336,76562,12208,0,0,0,0,0,0,CS_NONE
109344,76570,12216,0,0,0,0,0,0,CS_NONE
109352,76578,12224,0,0,0,0,0,0,CS_NONE
109360,76586,12232,0,0,0,0,0,0,CS_NONE
109368,76594,12240,0,0,0,0,0,0,CS_NONE
109376,76602,12248,0,0,0,0,0,0,CS_NONE
109384,76610,12256,0,0,0,0,0,0,CS_NONE
109392,76618,12264,0,0,0,0,0,0,CS_NONE
109400,76626,12272,0,0,0,0,0,0,CS_NONE
109408,76634,12280,0,0,0,0,0,0,CS_NONE
109416,76642,12288,0,0,0,0,0,0,CS_NONE
109424,76650,12296,0,0,0,0,0,0,CS_NONE
109432,76658,12304,0,0,0,0,0,0,CS_NONE
109440,76666,12312,0,0,0,0,0,0,CS_NONE
109448,76674,12320,0,0,0,0,0,0,CS_NONE
109456,76682,12328,0,0,0,0,0,0,CS_NONE
109464,76690,12336,0,0,0,0,0,0,CS_NONE
109472,76698,12344,0,0,0,0,0,0,CS_NONE
109480,76706,12352,0,0,0,0,0,0,CS_NONE
109488,76714,12360,0,0,0,0,0,0,CS_NONE
109496,76722,12368,0,0,0,0,0,0,CS_NONE
109504,76730,12376,0,0,0,0,0,0,CS_NONE
109512,76738,12384,0,0,0,0,0,0,CS_NONE
109520,76746,12392,0,0,0,0,0,0,CS_NONE
109528,76754,12400,0,0,0,0,0,0,CS_NONE
109536,76762,12408,0,0,0,0,0,0,CS_NONE
109544,76770,12416,0,0,0,0,0,0,CS_NONE
109552,76778,12424,0,0,0,0,0,0,CS_NONE
109560,76786,12432,0,0,0,0,0,0,CS_NONE
109568,76794,12440,0,0,0,0,0,0,CS_NONE
109576,76802,12448,0,0,0,0,0,0,CS_NONE
109584,76810,12456,0,0,0,0,0,0,CS_NONE
109592,76818,12464,0,0,0,0,0,0,CS_NONE
109600,76826,12472,0,0,0,0,0,0,CS_NONE
109608,76834,12480,0,0,0,0,0,0,CS_NONE
109616,76842,12488,0,0,0,0,0,0,CS_NONE
109624,76850,12496,0,0,0,0,0,0,CS_NONE
109632,76858,12504,0,0,0,0,0,0,CS_NONE
109640,76866,12512,0,0,0,0,0,0,CS_NONE
109648,76874,12520,0,0,0,0,0,0,CS_NONE
109656,76882,12528,0,0,0,0,0,0,CS_NONE
109664,76890,12536,0,0,0,0,0,0,CS_NONE
109672,76898,12544,0,0,0,0,0,0,CS_NONE
109680,76906,12552,0,0,0,0,0,0,CS_NONE
109688,76914,12560,0,0,0,0,0,0,CS_NONE
109696,76922,12568,0,0,0,0,0,0,CS_NONE
109704,76930,12576,0,0,0,0,0,0,CS_NONE
109712,76938,12584,0,0,0,0,0,0,CS_NONE
109720,76946,12592,0,0,0,0,0,0,CS_NONE
109728,76954,12600,0,0,0,0,0,0,CS_NONE
109736,76962,12608,0,0,0,0,0,0,CS_NONE
109744,76970,12616,0,0,0,0,0,0,CS_NONE
109752,76978,12624,0,0,0,0,0,0,CS_NONE
109760,76986,12632,0,0,0,0,0,0,CS_NONE
109768,76994,12640,0,0,0,0,0,0,CS_NONE
109776,77002,12648,0,0,0,0,0,0,CS_NONE
109784,77010,12656,0,0,0,0,0,0,CS_NONE
109792,77018,12664,0,0,0,0,0,0,CS_NONE
109800,77026,12672,0,0,0,0,0,0,CS_NONE
109808,77034,12680,0,0,0,0,0,0,CS_NONE
109816,77042,12688,0,0,0,0,0,0,CS_NONE
109824,77050,12696,0,0,0,0,0,0,CS_NONE
109832,77058,12704,0,0,0,0,0,0,CS_NONE
109840,77066,12712,0,0,0,0,0,0,CS_NONE
109848,77074,12720,0,0,0,0,0,0,CS_NONE
109856,77082,12728,0,0,0,0,0,0,CS_NONE
109864,77090,12736,0,0,0,0,0,0,CS_NONE
109872,77098,12744,0,0,0,0,0,0,CS_NONE
109880,77106,12752,0,0,0,0,0,0,CS_NONE
109888,77114,12760,0,0,0,0,0,0,CS_NONE
109896,77122,12768,0,0,0,0,0,0,CS_NONE
109904,77130,12776,0,0,0,0,0,0,CS_NONE
109912,77138,12784,0,0,0,0,0,0,CS_NONE
109920,77146,12792,0,0,0,0,0,0,CS_NONE
109928,77154,12800,0,0,0,0,0,0,CS_NONE
109936,77162,12808,0,0,0,0,0,0,CS_NONE
109944,77170,12816,0,0,0,0,0,0,CS_NONE
109952,77178,12824,0,0,0,0,0,0,CS_NONE
109960,77186,12832,0,0,0,0,0,0,CS_NONE
109968,77194,12840,0,0,0,0,0,0,CS_NONE
109976,77202,12848,0,0,0,0,0,0,CS_NONE
109984,77210,12856,0,0,0,0,0,0,CS_NONE
109992,77218,12864,0,0,0,0,0,0,CS_NONE
110000,77226,12872,0,0,0,0,0,0,CS_NONE
110008,77234,12880,0,0,0,0,0,0,CS_NONE
110016,77242,12888,0,0,0,0,0,0,CS_NONE
110024,77250,12896,0,0,0,0,0,0,CS_NONE
110032,77258,12904,0,0,0,0,0,0,CS_NONE
110040,77266,12912,0,0,0,0,0,0,CS_NONE
110048,77274,12920,0,0,0,0,0,0,CS_NONE
110056,77282,12928,0,0,0,0,0,0,CS_NONE
110064,77290,12936,0,0,0,0,0,0,CS_NONE
110072,77298,12944,0,0,0,0,0,0,CS_NONE
110080,77306,12952,0,0,0,0,0,0,CS_NONE
110088,77314,12960,0,0,0,0,0,0,CS_NONE
110096,77322,12968,0,0,0,0,0,0,CS_NONE
110104,77330,12976,0,0,0,0,0,0,CS_NONE
110112,77338,12984,0,0,0,0,0,0,CS_NONE
110120,77346,12992,0,0,0,0,0,0,CS_NONE
110128,77354,13000,0,0,0,0,0,0,CS_NONE
110136,77362,13008,0,0,0,0,0,0,CS_NONE
110144,77370,13016,0,0,0,0,0,0,CS_NONE
110152,77378,13024,0,0,0,0,0,0,CS_NONE
110160,77386,13032,0,0,0,0,0,0,CS_NONE
110168,77394,13040,0,0,0,0,0,0,CS_NONE
110176,77402,13048,0,0,0,0,0,0,CS_NONE
110184,77410,13056,0,0,0,0,0,0,CS_NONE
110192,77418,13064,0,0,0,0,0,0,CS_NONE
110200,77426,13072,0,0,0,0,0,0,CS_NONE
110208,77434,13080,0,0,0,0,0,0,CS_NONE
110216,77442,13088,0,0,0,0,0,0,CS_NONE
110224,77450,13096,0,0,0,0,0,0,CS_NONE
110232,77458,13104,0,0,0,0,0,0,CS_NONE
110240,77466,13112,0,0,0,0,0,0,CS_NONE
110248,77474,13120,0,0,0,0,0,0,CS_NONE
110256,77482,13128,0,0,0,0,0,0,CS_NONE
110264,77490,13136,0,0,0,0,0,0,CS_NONE
110272,77498,13144,0,0,0,0,0,0,CS_NONE
110280,77506,13152,0,0,0,0,0,0,CS_NONE
110288,77514,13160,0,0,0,0,0,0,CS_NONE
110296,77522,13168,0,0,0,0,0,0,CS_NONE
110304,77530,13176,0,0,0,0,0,0,CS_NONE
110312,77538,13184,0,0,0,0,0,0,CS_NONE
110320,77546,13192,0,0,0,0,0,0,CS_NONE
110328,77554,13200,0,0,0,0,0,0,CS_NONE
110336,77562,13208,0,0,0,0,0,0,CS_NONE
110344,77570,13216,0,0,0,0,0,0,CS_NONE
110352,77578,13224,0,0,0,0,0,0,CS_NONE
110360,77586,13232,0,0,0,0,0,0,CS_NONE
110368,77594,13240,0,0,0,0,0,0,CS_NONE
110376,77602,13248,0,0,0,0,0,0,CS_NONE
110384,77610,13256,0,0,0,0,0,0,CS_NONE
110392,77618,13264,0,0,0,0,0,0,CS_NONE
110400,77626,13272,0,0,0,0,0,0,CS_NONE
110408,77634,13280,0,0,0,0,0,0,CS_NONE
110416,77642,13288,0,0,0,0,0,0,CS_NONE
110424,77650,13296,0,0,0,0,0,0,CS_NONE
110432,77658,13304,0,0,0,0,0,0,CS_NONE
110440,77666,13312,0,0,0,0,0,0,CS_NONE
110448,77674,13320,0,0,0,0,0,0,CS_NONE
110456,77682,13328,0,0,0,0,0,0,CS_NONE
110464,77690,13336,0,0,0,0,0,0,CS_NONE
110472,77698,13344,0,0,0,0,0,0,CS_NONE
110480,77706,13352,0,0,0,0,0,0,CS_NONE
110488,77714,13360,0,0,0,0,0,0,CS_NONE
110496,77722,13368,0,0,0,0,0,0,CS_NONE
110504,77730,13376,0,0,0,0,0,0,CS_NONE
110512,77738,13384,0,0,0,0,0,0,CS_NONE
110520,77746,13392,0,0,0,0,0,0,CS_NONE
110528,77754,13400,0,0,0,0,0,0,CS_NONE
110536,77762,13408,0,0,0,0,0,0,CS_NONE
110544,77770,13416,0,0,0,0,0,0,CS_NONE
110552,77778,13424,0,0,0,0,0,0,CS_NONE
110560,77786,13432,0,0,0,0,0,0,CS_NONE
110568,77794,13440,0,0,0,0,0,0,CS_NONE
110576,77802,13448,0,0,0,0,0,0,CS_NONE
110584,77810,13456,0,0,0,0,0,0,CS_NONE
110592,77818,13464,0,0,0,0,0,0,CS_NONE
110600,77826,13472,0,0,0,0,0,0,CS_NONE
110608,77834,13480,0,0,0,0,0,0,CS_NONE
110616,77842,13488,0,0,0,0,0,0,CS_NONE
110624,77850,13496,0,0,0,0,0,0,CS_NONE
110632,77858,13504,0,0,0,0,0,0,CS_NONE
110640,77866,13512,0,0,0,0,0,0,CS_NONE
110648,77874,13520,0,0,0,0,0,0,CS_NONE
110656,77882,13528,0,0,0,0,0,0,CS_NONE
110664,77890,13536,0,0,0,0,0,0,CS_NONE
110672,77898,13544,0,0,0,0,0,0,CS_NONE
110680,77906,13552,0,0,0,0,0,0,CS_NONE
110688,77914,13560,0,0,0,0,0,0,CS_NONE
110696,77922,13568,0,0,0,0,0,0,CS_NONE
110704,77930,13576,0,0,0,0,0,0,CS_NONE
110712,77938,13584,0,0,0,0,0,0,CS_NONE
110720,77946,13592,0,0,0,0,0,0,CS_NONE
110728,77954,13600,0,0,0,0,0,0,CS_NONE
110736,77962,13608,0,0,0,0,0,0,CS_NONE
110744,77970,13616,0,0,0,0,0,0,CS_NONE
110752,77978,13624,0,0,0,0,0,0,CS_NONE
110760,77986,13632,0,0,0,0,0,0,CS_NONE
110768,77994,13640,0,0,0,0,0,0,CS_NONE
110776,78002,13648,0,0,0,0,0,0,CS_NONE
110784,78010,13656,0,0,0,0,0,0,CS_NONE
110792,78018,13664,0,0,0,0,0,0,CS_NONE
110800,78026,13672,0,0,0,0,0,0,CS_NONE
110808,78034,13680,0,0,0,0,0,0,CS_NONE
110816,78042,13688,0,0,0,0,0,0,CS_NONE
110824,78050,13696,0,0,0,0,0,0,CS_NONE
110832,78058,13704,0,0,0,0,0,0,CS_NONE
110840,78066,13712,0,0,0,0,0,0,CS_NONE
110848,78074,13720,0,0,0,0,0,0,CS_NONE
110856,78082,13728,0,0,0,0,0,0,CS_NONE
110864,78090,13736,0,0,0,0,0,0,CS_NONE
110872,78098,13744,0,0,0,0,0,0,CS_NONE
110880,78106,13752,0,0,0,0,0,0,CS_NONE
110888,78114,13760,0,0,0,0,0,0,CS_NONE
110896,78122,13768,0,0,0,0,0,0,CS_NONE
110904,78130,13776,0,0,0,0,0,0,CS_NONE
110912,78138,13784,0,0,0,0,0,0,CS_NONE
110920,78146,13792,0,0,0,0,0,0,CS_NONE
110928,78154,13800,0,0,0,0,0,0,CS_NONE
110936,78162,13808,0,0,0,0,0,0,CS_NONE
110944,78170,13816,0,0,0,0,0,0,CS_NONE
110952,78178,13824,0,0,0,0,0,0,CS_NONE
110960,78186,13832,0,0,0,0,0,0,CS_NONE
110968,78194,13840,0,0,0,0,0,0,CS_NONE
110976,78202,13848,0,0,0,0,0,0,CS_NONE
110984,78210,13856,0,0,0,0,0,0,CS_NONE
110992,78218,13864,0,0,0,0,0,0,CS_NONE
111000,78226,13872,0,0,0,0,0,0,CS_NONE
111008,78234,13880,0,0,0,0,0,0,CS_NONE
111016,78242,13888,0,0,0,0,0,0,CS_NONE
111024,78250,13896,0,0,0,0,0,0,CS_NONE
111032,78258,13904,0,0,0,0,0,0,CS_NONE
111040,78266,13912,0,0,0,0,0,0,CS_NONE
111048,78274,13920,0,0,0,0,0,0,CS_NONE
111056,78282,13928,0,0,0,0,0,0,CS_NONE
111064,78290,13936,0,0,0,0,0,0,CS_NONE
111072,78298,13944,0,0,0,0,0,0,CS_NONE
111080,78306,13952,0,0,0,0,0,0,CS_NONE
111088,78314,13960,0,0,0,0,0,0,CS_NONE
111096,78322,13968,0,0,0,0,0,0,CS_NONE
111104,78330,13976,0,0,0,0,0,0,CS_NONE
111112,78338,13984,0,0,0,0,0,0,CS_NONE
111120,78346,13992,0,0,0,0,0,0,CS_NONE
111128,78354,14000,0,0,0,0,0,0,CS_NONE
111136,78362,14008,0,0,0,0,0,0,CS_NONE
111144,78370,14016,0,0,0,0,0,0,CS_NONE
111152,78378,14024,0,0,0,0,0,0,CS_NONE
111160,78386,14032,0,0,0,0,0,0,CS_NONE
111168,78394,14040,0,0,0,0,0,0,CS_NONE
111176,78402,14048,0,0,0,0,0,0,CS_NONE
111184,78410,14056,0,0,0,0,0,0,CS_NONE
111192,78418,14064,0,0,0,0,0,0,CS_NONE
111200,78426,14072,0,0,0,0,0,0,CS_NONE
111208,78434,14080,0,0,0,0,0,0,CS_NONE
111216,78442,14088,0,0,0,0,0,0,CS_NONE
111224,78450,14096,0,0,0,0,0,0,CS_NONE
111232,78458,14104,0,0,0,0,0,0,CS_NONE
111240,78466,14112,0,0,0,0,0,0,CS_NONE
111248,78474,14120,0,0,0,0,0,0,CS_NONE
111256,78482,14128,0,0,0,0,0,0,CS_NONE
111264,78490,14136,0,0,0,0,0,0,CS_NONE
111272,78498,14144,0,0,0,0,0,0,CS_NONE
111280,78506,14152,0,0,0,0,0,0,CS_NONE
111288,78514,14160,0,0,0,0,0,0,CS_NONE
111296,78522,14168,0,0,0,0,0,0,CS_NONE
111304,78530,14176,0,0,0,0,0,0,CS_NONE
111312,78538,14184,0,0,0,0,0,0,CS_NONE
111320,78546,14192,0,0,0,0,0,0,CS_NONE
111328,78554,14200,0,0,0,0,0,0,CS_NONE
111336,78562,14208,0,0,0,0,0,0,CS_NONE
111344,78570,14216,0,0,0,0,0,0,CS_NONE
111352,78578,14224,0,0,0,0,0,0,CS_NONE
111360,78586,14232,0,0,0,0,0,0,CS_NONE
111368,78594,14240,0,0,0,0,0,0,CS_NONE
111376,78602,14248,0,0,0,0,0,0,CS_NONE
111384,78610,14256,0,0,0,0,0,0,CS_NONE
111392,78618,14264,0,0,0,0,0,0,CS_NONE
111400,78626,14272,0,0,0,0,0,0,CS_NONE
111408,78634,14280,0,0,0,0,0,0,CS_NONE
111416,78642,14288,0,0,0,0,0,0,CS_NONE
111424,78650,14296,0,0,0,0,0,0,CS_NONE
111432,78658,14304,0,0,0,0,0,0,CS_NONE
111440,78666,14312,0,0,0,0,0,0,CS_NONE
111448,78674,14320,0,0,0,0,0,0,CS_NONE
111456,78682,14328,0,0,0,0,0,0,CS_NONE
111464,78690,14336,0,0,0,0,0,0,CS_NONE
111472,78698,14344,0,0,0,0,0,0,CS_NONE
111480,78706,14352,0,0,0,0,0,0,CS_NONE
111488,78714,14360,0,0,0,0,0,0,CS_NONE
111496,78722,14368,0,0,0,0,0,0,CS_NONE
111504,78730,14376,0,0,0,0,0,0,CS_NONE
111512,78738,14384,0,0,0,0,0,0,CS_NONE
111520,78746,14392,0,0,0,0,0,0,CS_NONE
111528,78754,14400,0,0,0,0,0,0,CS_NONE
111536,78762,14408,0,0,0,0,0,0,CS_NONE
111544,78770,14416,0,0,0,0,0,0,CS_NONE
111552,78778,14424,0,0,0,0,0,0,CS_NONE
111560,78786,14432,0,0,0,0,0,0,CS_NONE
111568,78794,14440,0,0,0,0,0,0,CS_NONE
111576,78802,14448,0,0,0,0,0,0,CS_NONE
111584,78810,14456,0,0,0,0,0,0,CS_NONE
111592,78818,14464,0,0,0,0,0,0,CS_NONE
111600,78826,14472,0,0,0,0,0,0,CS_NONE
111608,78834,14480,0,0,0,0,0,0,CS_NONE
111616,78842,14488,0,0,0,0,0,0,CS_NONE
111624,78850,14496,0,0,0,0,0,0,CS_NONE
111632,78858,14504,0,0,0,0,0,0,CS_NONE
111640,78866,14512,0,0,0,0,0,0,CS_NONE
111648,78874,14520,0,0,0,0,0,0,CS_NONE
111656,78882,14528,0,0,0,0,0,0,CS_NONE
111664,78890,14536,0,0,0,0,0,0,CS_NONE
111672,78898,14544,0,0,0,0,0,0,CS_NONE
111680,78906,14552,0,0,0,0,0,0,CS_NONE
111688,78914,14560,0,0,0,0,0,0,CS_NONE
111696,78922,14568,0,0,0,0,0,0,CS_NONE
111704,78930,14576,0,0,0,0,0,0,CS_NONE
111712,78938,14584,0,0,0,0,0,0,CS_NONE
111720,78946,14592,0,0,0,0,0,0,CS_NONE
111728,78954,14600,0,0,0,0,0,0,CS_NONE
111736,78962,14608,0,0,0,0,0,0,CS_NONE
111744,78970,14616,0,0,0,0,0,0,CS_NONE
111752,78978,14624,0,0,0,0,0,0,CS_NONE
111760,78986,14632,0,0,0,0,0,0,CS_NONE
111768,78994,14640,0,0,0,0,0,0,CS_NONE
111776,79002,14648,0,0,0,0,0,0,CS_NONE
111784,79010,14656,0,0,0,0,0,0,CS_NONE
111792,79018,14664,0,0,0,0,0,0,CS_NONE
111800,79026,14672,0,0,0,0,0,0,CS_NONE
111808,79034,14680,0,0,0,0,0,0,CS_NONE
111816,79042,14688,0,0,0,0,0,0,CS_NONE
111824,79050,14696,0,0,0,0,0,0,CS_NONE
111832,79058,14704,0,0,0,0,0,0,CS_NONE
111840,79066,14712,0,0,0,0,0,0,CS_NONE
111848,79074,14720,0,0,0,0,0,0,CS_NONE
111856,79082,14728,0,0,0,0,0,0,CS_NONE
111864,79090,14736,0,0,0,0,0,0,CS_NONE
111872,79098,14744,0,0,0,0,0,0,CS_NONE
111880,79106,14752,0,0,0,0,0,0,CS_NONE
111888,79114,14760,0,0,0,0,0,0,CS_NONE
111896,79122,14768,0,0,0,0,0,0,CS_NONE
111904,79130,14776,0,0,0,0,0,0,CS_NONE
111912,79138,14784,0,0,0,0,0,0,CS_NONE
111920,79146,14792,0,0,0,0,0,0,CS_NONE
111928,79154,14800,0,0,0,0,0,0,CS_NONE
111936,79162,14808,0,0,0,0,0,0,CS_NONE
111944,79170,14816,0,0,0,0,0,0,CS_NONE
111952,79178,14824,0,0,0,0,0,0,CS_NONE
111960,79186,14832,0,0,0,0,0,0,CS_NONE
111968,79194,14840,0,0,0,0,0,0,CS_NONE
111976,79202,14848,0,0,0,0,0,0,CS_NONE
111984,79210,14856,0,0,0,0,0,0,CS_NONE
111992,79218,14864,0,0,0,0,0,0,CS_NONE
112000,79226,14872,0,0,0,0,0,0,CS_NONE
112008,79234,14880,0,0,0,0,0,0,CS_NONE
112016,79242,14888,0,0,0,0,0,0,CS_NONE
112024,79250,14896,0,0,0,0,0,0,CS_NONE
112032,79258,14904,0,0,0,0,0,0,CS_NONE
112040,79266,14912,0,0,0,0,0,0,CS_NONE
112048,79274,14920,0,0,0,0,0,0,CS_NONE
112056,79282,14928,0,0,0,0,0,0,CS_NONE
112064,79290,14936,0,0,0,0,0,0,CS_NONE
112072,79298,14944,0,0,0,0,0,0,CS_NONE
112080,79306,14952,0,0,0,0,0,0,CS_NONE
112088,79314,14960,0,0,0,0,0,0,CS_NONE
112096,79322,14968,0,0,0,0,0,0,CS_NONE
112104,79330,14976,0,0,0,0,0,0,CS_NONE
112112,79338,14984,0,0,0,0,0,0,CS_NONE
112120,79346,14992,0,0,0,0,0,0,CS_NONE
112128,79354,15000,0,0,0,0,0,0,CS_NONE
112136,79362,15008,0,0,0,0,0,0,CS_NONE
112144,79370,15016,0,0,0,0,0,0,CS_NONE
112152,79378,15024,0,0,0,0,0,0,CS_NONE
112160,79386,15032,0,0,0,0,0,0,CS_NONE
112168,79394,15040,0,0,0,0,0,0,CS_NONE
112176,79402,15048,0,0,0,0,0,0,CS_NONE
112184,79410,15056,0,0,0,0,0,0,CS_NONE
112192,79418,15064,0,0,0,0,0,0,CS_NONE
112200,79426,15072,0,0,0,0,0,0,CS_NONE
112208,79434,15080,0,0,0,0,0,0,CS_NONE
112216,79442,15088,0,0,0,0,0,0,CS_NONE
112224,79450,15096,0,0,0,0,0,0,CS_NONE
112232,79458,15104,0,0,0,0,0,0,CS_NONE
112240,79466,15112,0,0,0,0,0,0,CS_NONE
112248,79474,15120,0,0,0,0,0,0,CS_NONE
112256,79482,15128,0,0,0,0,0,0,CS_NONE
112264,79490,15136,0,0,0,0,0,0,CS_NONE
112272,79498,15144,0,0,0,0,0,0,CS_NONE
112280,79506,15152,0,0,0,0,0,0,CS_NONE
112288,79514,15160,0,0,0,0,0,0,CS_NONE
112296,79522,15168,0,0,0,0,0,0,CS_NONE
112304,79530,15176,0,0,0,0,0,0,CS_NONE
112312,79538,15184,0,0,0,0,0,0,CS_NONE
112320,79546,15192,0,0,0,0,0,0,CS_NONE
112328,79554,15200,0,0,0,0,0,0,CS_NONE
112336,79562,15208,0,0,0,0,0,0,CS_NONE
112344,79570,15216,0,0,0,0,0,0,CS_NONE
112352,79578,15224,0,0,0,0,0,0,CS_NONE
112360,79586,15232,0,0,0,0,0,0,CS_NONE
112368,79594,15240,0,0,0,0,0,0,CS_NONE
112376,79602,15248,0,0,0,0,0,0,CS_NONE
112384,79610,15256,0,0,0,0,0,0,CS_NONE
112392,79618,15264,0,0,0,0,0,0,CS_NONE
112400,79626,15272,0,0,0,0,0,0,CS_NONE
112408,79634,15280,0,0,0,0,0,0,CS_NONE
112416,79642,15288,0,0,0,0,0,0,CS_NONE
112424,79650,15296,0,0,0,0,0,0,CS_NONE
112432,79658,15304,0,0,0,0,0,0,CS_NONE
112440,79666,15312,0,0,0,0,0,0,CS_NONE
112448,79674,15320,0,0,0,0,0,0,CS_NONE
112456,79682,15328,0,0,0,0,0,0,CS_NONE
112464,79690,15336,0,0,0,0,0,0,CS_NONE
112472,79698,15344,0,0,0,0,0,0,CS_NONE
112480,79706,15352,0,0,0,0,0,0,CS_NONE
112488,79714,15360,0,0,0,0,0,0,CS_NONE
112496,79722,15368,0,0,0,0,0,0,CS_NONE
112504,79730,15376,0,0,0,0,0,0,CS_NONE
112512,79738,15384,0,0,0,0,0,0,CS_NONE
112520,79746,15392,0,0,0,0,0,0,CS_NONE
112528,79754,15400,0,0,0,0,0,0,CS_NONE
112536,79762,15408,0,0,0,0,0,0,CS_NONE
112544,79770,15416,0,0,0,0,0,0,CS_NONE
112552,79778,15424,0,0,0,0,0,0,CS_NONE
112560,79786,15432,0,0,0,0,0,0,CS_NONE
112568,79794,15440,0,0,0,0,0,0,CS_NONE
112576,79802,15448,0,0,0,0,0,0,CS_NONE
112584,79810,15456,0,0,0,0,0,0,CS_NONE
112592,79818,15464,0,0,0,0,0,0,CS_NONE
112600,79826,15472,0,0,0,0,0,0,CS_NONE
112608,79834,15480,0,0,0,0,0,0,CS_NONE
112616,79842,15488,0,0,0,0,0,0,CS_NONE
112624,79850,15496,0,0,0,0,0,0,CS_NONE
112632,79858,15504,0,0,0,0,0,0,CS_NONE
112640,79866,15512,0,0,0,0,0,0,CS_NONE
112648,79874,15520,0,0,0,0,0,0,CS_NONE
112656,79882,15528,0,0,0,0,0,0,CS_NONE
112664,79890,15536,0,0,0,0,0,0,CS_NONE
112672,79898,15544,0,0,0,0,0,0,CS_NONE
112680,79906,15552,0,0,0,0,0,0,CS_NONE
112688,79914,15560,0,0,0,0,0,0,CS_NONE
112696,79922,15568,0,0,0,0,0,0,CS_NONE
112704,79930,15576,0,0,0,0,0,0,CS_NONE
112712,79938,15584,0,0,0,0,0,0,CS_NONE
112720,79946,15592,0,0,0,0,0,0,CS_NONE
112728,79954,15600,0,0,0,0,0,0,CS_NONE
112736,79962,15608,0,0,0,0,0,0,CS_NONE
112744,79970,15616,0,0,0,0,0,0,CS_NONE
112752,79978,15624,0,0,0,0,0,0,CS_NONE
112760,79986,15632,0,0,0,0,0,0,CS_NONE
112768,79994,15640,0,0,0,0,0,0,CS_NONE
112776,80002,15648,0,0,0,0,0,0,CS_NONE
112784,80010,15656,0,0,0,0,0,0,CS_NONE
112792,80018,15664,0,0,0,0,0,0,CS_NONE
112800,80026,15672,0,0,0,0,0,0,CS_NONE
112808,80034,15680,0,0,0,0,0,0,CS_NONE
112816,80042,15688,0,0,0,0,0,0,CS_NONE
112824,80050,15696,0,0,0,0,0,0,CS_NONE
112832,80058,15704,0,0,0,0,0,0,CS_NONE
112840,80066,15712,0,0,0,0,0,0,CS_NONE
112848,80074,15720,0,0,0,0,0,0,CS_NONE
112856,80082,15728,0,0,0,0,0,0,CS_NONE
112864,80090,15736,0,0,0,0,0,0,CS_NONE
112872,80098,15744,0,0,0,0,0,0,CS_NONE
112880,80106,15752,0,0,0,0,0,0,CS_NONE
112888,80114,15760,0,0,0,0,0,0,CS_NONE
112896,80122,15768,0,0,0,0,0,0,CS_NONE
112904,80130,15776,0,0,0,0,0,0,CS_NONE
112912,80138,15784,0,0,0,0,0,0,CS_NONE
112920,80146,15792,0,0,0,0,0,0,CS_NONE
112928,80154,15800,0,0,0,0,0,0,CS_NONE
112936,80162,15808,0,0,0,0,0,0,CS_NONE
112944,80170,15816,0,0,0,0,0,0,CS_NONE
112952,80178,15824,0,0,0,0,0,0,CS_NONE
112960,80186,15832,0,0,0,0,0,0,CS_NONE
112968,80194,15840,0,0,0,0,0,0,CS_NONE
112976,80202,15848,0,0,0,0,0,0,CS_NONE
112984,80210,15856,0,0,0,0,0,0,CS_NONE
112992,80218,15864,0,0,0,0,0,0,CS_NONE
113000,80226,15872,0,0,0,0,0,0,CS_NONE
113008,80234,15880,0,0,0,0,0,0,CS_NONE
113016,80242,15888,0,0,0,0,0,0,CS_NONE
113024,80250,15896,0,0,0,0,0,0,CS_NONE
113032,80258,15904,0,0,0,0,0,0,CS_NONE
113040,80266,15912,0,0,0,0,0,0,CS_NONE
113048,80274,15920,0,0,0,0,0,0,CS_NONE
113056,80282,15928,0,0,0,0,0,0,CS_NONE
113064,80290,15936,0,0,0,0,0,0,CS_NONE
113072,80298,15944,0,0,0,0,0,0,CS_NONE
113080,80306,15952,0,0,0,0,0,0,CS_NONE
113088,80314,15960,0,0,0,0,0,0,CS_NONE
113096,80322,15968,0,0,0,0,0,0,CS_NONE
113104,80330,15976,0,0,0,0,0,0,CS_NONE
113112,80338,15984,0,0,0,0,0,0,CS_NONE
113120,80346,15992,0,0,0,0,0,0,CS_NONE
113128,80354,16000,0,0,0,0,0,0,CS_NONE
113136,80362,16008,0,0,0,0,0,0,CS_NONE
113144,80370,16016,0,0,0,0,0,0,CS_NONE
113152,80378,16024,0,0,0,0,0,0,CS_NONE
113160,80386,16032,0,0,0,0,0,0,CS_NONE
113168,80394,16040,0,0,0,0,0,0,CS_NONE
113176,80402,16048,0,0,0,0,0,0,CS_NONE
113184,80410,16056,0,0,0,0,0,0,CS_NONE
113192,80418,16064,0,0,0,0,0,0,CS_NONE
113200,80426,16072,0,0,0,0,0,0,CS_NONE
113208,80434,16080,0,0,0,0,0,0,CS_NONE
113216,80442,16088,0,0,0,0,0,0,CS_NONE
113224,80450,16096,0,0,0,0,0,0,CS_NONE
113232,80458,16104,0,0,0,0,0,0,CS_NONE
113240,80466,16112,0,0,0,0,0,0,CS_NONE
113248,80474,16120,0,0,0,0,0,0,CS_NONE
113256,80482,16128,0,0,0,0,0,0,CS_NONE
113264,80490,16136,0,0,0,0,0,0,CS_NONE
113272,80498,16144,0,0,0,0,0,0,CS_NONE
113280,80506,16152,0,0,0,0,0,0,CS_NONE
113288,80514,16160,0,0,0,0,0,0,CS_NONE
113296,80522,16168,0,0,0,0,0,0,CS_NONE
113304,80530,16176,0,0,0,0,0,0,CS_NONE
113312,80538,16184,0,0,0,0,0,0,CS_NONE
113320,80546,16192,0,0,0,0,0,0,CS_NONE
113328,80554,16200,0,0,0,0,0,0,CS_NONE
113336,80562,16208,0,0,0,0,0,0,CS_NONE
113344,80570,16216,0,0,0,0,0,0,CS_NONE
113352,80578,16224,0,0,0,0,0,0,CS_NONE
113360,80586,16232,0,0,0,0,0,0,CS_NONE
113368,80594,16240,0,0,0,0,0,0,CS_NONE
113376,80602,16248,0,0,0,0,0,0,CS_NONE
113384,80610,16256,0,0,0,0,0,0,CS_NONE
113392,80618,16264,0,0,0,0,0,0,CS_NONE
113400,80626,16272,0,0,0,0,0,0,CS_NONE
113408,80634,16280,0,0,0,0,0,0,CS_NONE
113416,80642,16288,0,0,0,0,0,0,CS_NONE
113424,80650,16296,0,0,0,0,0,0,CS_NONE
113432,80658,16304,0,0,0,0,0,0,CS_NONE
113440,80666,16312,0,0,0,0,0,0,CS_NONE
113448,80674,16320,0,0,0,0,0,0,CS_NONE
113456,80682,16328,0,0,0,0,0,0,CS_NONE
113464,80690,16336,0,0,0,0,0,0,CS_NONE
113472,80698,16344,0,0,0,0,0,0,CS_NONE
113480,80706,16352,0,0,0,0,0,0,CS_NONE
113488,80714,16360,0,0,0,0,0,0,CS_NONE
113496,80722,16368,0,0,0,0,0,0,CS_NONE
113504,80730,16376,0,0,0,0,0,0,CS_NONE
