Index,GloOfs,RelOfs,Child,Parent,Xpos,Ypos,Zpos,Xtile,Ytile,Status,Status_S,Affect,BaseFrame,Frame,OldFrame,Life,WhoShotMe,Model,Model_S,State,Angle,Angle_S,ZAngle,Connected
0,59016,26242,0,0,3240,20872,256,12,81,4,TS_MAPWHO,0,1077,4718,1078,50,0,5,TM_OBJECT,12,64,TA_SOUTHEAST,0,0,
1,59046,26272,0,0,1904,16352,256,7,63,4,TS_MAPWHO,0,1085,4723,1085,40,0,5,TM_OBJECT,12,128,TA_NORTHEAST,0,0,
2,59076,26302,0,0,2524,14980,256,9,58,4,TS_MAPWHO,0,1085,4725,1086,40,0,5,TM_OBJECT,12,192,TA_NORTHWEST,0,0,
3,59106,26332,0,0,4716,12260,256,18,47,4,TS_MAPWHO,0,1109,4758,1109,40,0,5,TM_OBJECT,12,128,TA_NORTHEAST,0,0,
4,59136,26362,0,0,7040,10976,256,27,42,4,TS_MAPWHO,0,1109,4758,1109,40,0,5,TM_OBJECT,12,0,TA_SOUTHWEST,0,0,
5,59166,26392,0,0,8308,10972,256,32,42,4,TS_MAPWHO,0,1109,4758,1109,40,0,5,TM_OBJECT,12,0,TA_SOUTHWEST,0,0,
6,59196,26422,0,0,9852,11732,256,38,45,4,TS_MAPWHO,0,1109,4758,1109,40,0,5,TM_OBJECT,12,0,TA_SOUTHWEST,0,0,
7,59226,26452,0,0,11132,11732,256,43,45,4,TS_MAPWHO,0,1109,4758,1109,40,0,5,TM_OBJECT,12,0,TA_SOUTHWEST,0,0,
8,59256,26482,0,0,28080,19584,256,109,76,4,TS_MAPWHO,0,1101,4747,1102,50,0,5,TM_OBJECT,12,64,TA_SOUTHEAST,0,0,
9,59286,26512,0,0,19564,12996,256,76,50,4,TS_MAPWHO,0,1093,4734,1093,40,0,5,TM_OBJECT,12,128,TA_NORTHEAST,0,0,
10,59316,26542,0,0,15732,11996,256,61,46,4,TS_MAPWHO,0,1093,4734,1093,40,0,5,TM_OBJECT,12,0,TA_SOUTHWEST,0,0,
11,59346,26572,0,0,12904,2264,256,50,8,4,TS_MAPWHO,0,1109,4758,1109,40,0,5,TM_OBJECT,12,0,TA_SOUTHWEST,0,0,
12,59376,26602,0,0,12412,4580,256,48,17,4,TS_MAPWHO,0,1109,4758,1109,40,0,5,TM_OBJECT,12,0,TA_SOUTHWEST,0,0,
13,59406,26632,0,0,10360,4584,256,40,17,4,TS_MAPWHO,0,1109,4758,1109,40,0,5,TM_OBJECT,12,0,TA_SOUTHWEST,0,0,
14,59436,26662,0,0,2680,15496,1024,10,60,7,TS_NODRAW | TS_UNKNOWN_2 | TS_MAPWHO,0,0,8267,1960,65534,0,5,TM_OBJECT,37,192,TA_NORTHWEST,0,0,
15,59466,26692,0,0,1400,11528,896,5,45,7,TS_NODRAW | TS_UNKNOWN_2 | TS_MAPWHO,0,0,8658,1959,65534,0,5,TM_OBJECT,37,0,TA_SOUTHWEST,0,0,
16,59496,26722,0,0,2680,10248,1024,10,40,7,TS_NODRAW | TS_UNKNOWN_2 | TS_MAPWHO,0,0,8267,1960,65534,0,5,TM_OBJECT,37,64,TA_SOUTHEAST,0,0,
17,59526,26752,0,0,6264,8968,896,24,35,7,TS_NODRAW | TS_UNKNOWN_2 | TS_MAPWHO,0,0,8658,1959,65534,0,5,TM_OBJECT,37,128,TA_NORTHEAST,0,0,
18,59556,26782,0,0,7416,8968,1152,28,35,7,TS_NODRAW | TS_UNKNOWN_2 | TS_MAPWHO,0,0,8658,1959,65534,0,5,TM_OBJECT,37,128,TA_NORTHEAST,0,0,
19,59586,26812,0,0,8056,7688,768,31,30,6,TS_UNKNOWN_2 | TS_MAPWHO,0,0,8267,1960,65534,0,5,TM_OBJECT,32,192,TA_NORTHWEST,0,0,
20,59616,26842,0,0,9080,9480,1024,35,37,7,TS_NODRAW | TS_UNKNOWN_2 | TS_MAPWHO,0,0,8267,1960,65534,0,5,TM_OBJECT,37,192,TA_NORTHWEST,0,0,
21,59646,26872,0,0,7544,11016,896,29,43,6,TS_UNKNOWN_2 | TS_MAPWHO,0,0,8658,1959,65534,0,5,TM_OBJECT,32,0,TA_SOUTHWEST,0,0,
22,59676,26902,0,0,9592,11784,896,37,46,6,TS_UNKNOWN_2 | TS_MAPWHO,0,0,8658,1959,65534,0,5,TM_OBJECT,32,0,TA_SOUTHWEST,0,0,
23,59706,26932,0,0,14712,8968,640,57,35,7,TS_NODRAW | TS_UNKNOWN_2 | TS_MAPWHO,0,0,8658,1959,65534,0,5,TM_OBJECT,37,0,TA_SOUTHWEST,0,0,
24,59736,26962,0,0,16248,7816,1280,63,30,7,TS_NODRAW | TS_UNKNOWN_2 | TS_MAPWHO,0,0,8267,1960,65534,0,5,TM_OBJECT,37,64,TA_SOUTHEAST,0,0,
25,59766,26992,0,28852,16248,6152,768,63,24,7,TS_NODRAW | TS_UNKNOWN_2 | TS_MAPWHO,0,0,8267,1960,65534,0,5,TM_OBJECT,37,64,TA_SOUTHEAST,0,0,
26,59796,27022,0,0,18552,3848,1152,72,15,6,TS_UNKNOWN_2 | TS_MAPWHO,0,0,8267,1960,65534,0,5,TM_OBJECT,32,64,TA_SOUTHEAST,0,0,
27,59826,27052,0,0,18552,5896,1152,72,23,6,TS_UNKNOWN_2 | TS_MAPWHO,0,0,8267,1960,65534,0,5,TM_OBJECT,32,64,TA_SOUTHEAST,0,0,
28,59856,27082,0,0,21112,4616,1152,82,18,6,TS_UNKNOWN_2 | TS_MAPWHO,0,0,8267,1960,65534,0,5,TM_OBJECT,32,192,TA_NORTHWEST,0,0,
29,59886,27112,0,0,21112,7944,1152,82,31,6,TS_UNKNOWN_2 | TS_MAPWHO,0,0,8267,1960,65534,0,5,TM_OBJECT,32,192,TA_NORTHWEST,0,0,
30,59916,27142,0,0,22904,6664,1152,89,26,6,TS_UNKNOWN_2 | TS_MAPWHO,0,0,8267,1960,65534,0,5,TM_OBJECT,32,192,TA_NORTHWEST,0,0,
31,59946,27172,0,0,22904,3592,1152,89,14,6,TS_UNKNOWN_2 | TS_MAPWHO,0,0,8267,1960,65534,0,5,TM_OBJECT,32,192,TA_NORTHWEST,0,0,
32,59976,27202,0,0,21368,1800,1024,83,7,7,TS_NODRAW | TS_UNKNOWN_2 | TS_MAPWHO,0,0,8658,1959,65534,0,5,TM_OBJECT,37,0,TA_SOUTHWEST,0,0,
33,60006,27232,0,0,25976,12808,768,101,50,6,TS_UNKNOWN_2 | TS_MAPWHO,0,0,8267,1960,65534,0,5,TM_OBJECT,32,64,TA_SOUTHEAST,0,0,
34,60036,27262,0,0,24440,14088,1152,95,55,6,TS_UNKNOWN_2 | TS_MAPWHO,0,0,8658,1959,65534,0,5,TM_OBJECT,32,128,TA_NORTHEAST,0,0,
35,60066,27292,0,0,24700,14052,256,96,54,4,TS_MAPWHO,0,1109,4758,1109,50,0,5,TM_OBJECT,12,128,TA_NORTHEAST,0,0,
36,60096,27322,0,0,19064,17672,1024,74,69,6,TS_UNKNOWN_2 | TS_MAPWHO,0,0,8267,1960,65534,0,5,TM_OBJECT,32,192,TA_NORTHWEST,0,0,
37,60126,27352,0,0,17784,18952,896,69,74,7,TS_NODRAW | TS_UNKNOWN_2 | TS_MAPWHO,0,0,8658,1959,65534,0,5,TM_OBJECT,37,0,TA_SOUTHWEST,0,0,
38,60156,27382,0,27412,4712,13416,256,18,52,6,TS_UNKNOWN_2 | TS_MAPWHO,0,1,1396,227,50,0,5,TM_OBJECT,22,0,TA_SOUTHWEST,0,0,
39,60186,27412,27382,27442,4796,13412,256,18,52,6,TS_UNKNOWN_2 | TS_MAPWHO,0,2,1401,230,50,0,5,TM_OBJECT,22,0,TA_SOUTHWEST,0,0,
40,60216,27442,27412,0,4692,13516,256,18,52,6,TS_UNKNOWN_2 | TS_MAPWHO,0,3,1409,233,50,0,5,TM_OBJECT,22,0,TA_SOUTHWEST,0,0,
41,60246,27472,0,0,4700,13652,256,18,53,6,TS_UNKNOWN_2 | TS_MAPWHO,0,3,1409,233,50,0,5,TM_OBJECT,22,0,TA_SOUTHWEST,0,0,
42,60276,27502,0,0,4884,13404,256,19,52,6,TS_UNKNOWN_2 | TS_MAPWHO,0,3,1409,233,50,0,5,TM_OBJECT,22,0,TA_SOUTHWEST,0,0,
43,60306,27532,0,0,15408,14656,256,60,57,6,TS_UNKNOWN_2 | TS_MAPWHO,0,1,1396,227,50,0,5,TM_OBJECT,22,0,TA_SOUTHWEST,0,0,
44,60336,27562,0,27592,15424,13424,256,60,52,6,TS_UNKNOWN_2 | TS_MAPWHO,0,2,1401,230,50,0,5,TM_OBJECT,22,0,TA_SOUTHWEST,0,0,
45,60366,27592,27562,0,15432,13544,256,60,52,6,TS_UNKNOWN_2 | TS_MAPWHO,0,3,1409,233,50,0,5,TM_OBJECT,22,0,TA_SOUTHWEST,0,0,
46,60396,27622,0,0,15240,13448,256,59,52,6,TS_UNKNOWN_2 | TS_MAPWHO,0,3,1409,233,50,0,5,TM_OBJECT,22,0,TA_SOUTHWEST,0,0,
47,60426,27652,0,0,15072,13440,256,58,52,6,TS_UNKNOWN_2 | TS_MAPWHO,0,3,1409,233,50,0,5,TM_OBJECT,22,0,TA_SOUTHWEST,0,0,
48,60456,27682,0,27712,15232,14656,256,59,57,6,TS_UNKNOWN_2 | TS_MAPWHO,0,3,1409,233,50,0,5,TM_OBJECT,22,0,TA_SOUTHWEST,0,0,
49,60486,27712,27682,0,15112,14664,256,59,57,6,TS_UNKNOWN_2 | TS_MAPWHO,0,3,1409,233,50,0,5,TM_OBJECT,22,0,TA_SOUTHWEST,0,0,
50,60516,27742,0,0,15400,14504,256,60,56,6,TS_UNKNOWN_2 | TS_MAPWHO,0,3,1409,233,50,0,5,TM_OBJECT,22,0,TA_SOUTHWEST,0,0,
51,60546,27772,0,0,3376,20560,256,13,80,6,TS_UNKNOWN_2 | TS_MAPWHO,0,0,2460,562,50,0,5,TM_OBJECT,26,0,TA_SOUTHWEST,0,0,
52,60576,27802,0,0,2632,15192,256,10,59,6,TS_UNKNOWN_2 | TS_MAPWHO,0,0,2460,562,50,0,5,TM_OBJECT,26,0,TA_SOUTHWEST,0,0,
53,60606,27832,0,0,7248,11056,256,28,43,6,TS_UNKNOWN_2 | TS_MAPWHO,0,0,2460,562,50,0,5,TM_OBJECT,26,0,TA_SOUTHWEST,0,0,
54,60636,27862,0,0,13128,2360,256,51,9,6,TS_UNKNOWN_2 | TS_MAPWHO,0,0,2460,562,50,0,5,TM_OBJECT,26,0,TA_SOUTHWEST,0,0,
55,60666,27892,0,0,23952,13728,384,93,53,6,TS_UNKNOWN_2 | TS_MAPWHO,0,1057,4889,1057,50,0,5,TM_OBJECT,10,128,TA_NORTHEAST,0,0,
56,60696,27922,0,0,18704,13072,768,73,51,6,TS_UNKNOWN_2 | TS_MAPWHO,0,1059,4898,1059,50,0,5,TM_OBJECT,10,128,TA_NORTHEAST,0,0,
57,60726,27952,0,0,28228,19468,512,110,76,6,TS_UNKNOWN_2 | TS_MAPWHO,0,1049,4851,1049,50,0,5,TM_OBJECT,10,128,TA_NORTHEAST,0,0,
58,60756,27982,0,28072,23080,18648,384,90,72,6,TS_UNKNOWN_2 | TS_MAPWHO,0,0,1887,551,50,0,5,TM_OBJECT,19,192,TA_NORTHWEST,0,0,
59,60786,28012,0,28102,23080,18392,384,90,71,6,TS_UNKNOWN_2 | TS_MAPWHO,0,0,1887,551,50,0,5,TM_OBJECT,19,192,TA_NORTHWEST,0,0,
60,60816,28042,0,28132,23080,18136,384,90,70,6,TS_UNKNOWN_2 | TS_MAPWHO,0,0,1887,551,50,0,5,TM_OBJECT,19,192,TA_NORTHWEST,0,0,
61,60846,28072,27982,0,23080,18520,384,90,72,6,TS_UNKNOWN_2 | TS_MAPWHO,0,0,1887,551,50,0,5,TM_OBJECT,19,192,TA_NORTHWEST,0,0,
62,60876,28102,28012,0,23080,18264,384,90,71,6,TS_UNKNOWN_2 | TS_MAPWHO,0,0,1887,551,50,0,5,TM_OBJECT,19,192,TA_NORTHWEST,0,0,
63,60906,28132,28042,0,23080,18008,384,90,70,6,TS_UNKNOWN_2 | TS_MAPWHO,0,0,1887,551,50,0,5,TM_OBJECT,19,192,TA_NORTHWEST,0,0,
64,60936,28162,0,0,23084,17668,384,90,69,6,TS_UNKNOWN_2 | TS_MAPWHO,0,0,1887,551,50,0,5,TM_OBJECT,19,192,TA_NORTHWEST,0,0,
65,60966,28192,0,28222,23084,17412,384,90,68,6,TS_UNKNOWN_2 | TS_MAPWHO,0,0,1887,551,50,0,5,TM_OBJECT,19,192,TA_NORTHWEST,0,0,
66,60996,28222,28192,0,23084,17540,384,90,68,6,TS_UNKNOWN_2 | TS_MAPWHO,0,0,1887,551,50,0,5,TM_OBJECT,19,192,TA_NORTHWEST,0,0,
67,61026,28252,0,0,23084,17284,384,90,67,6,TS_UNKNOWN_2 | TS_MAPWHO,0,0,1887,551,50,0,5,TM_OBJECT,19,192,TA_NORTHWEST,0,0,
68,61056,28282,0,0,22996,18732,384,89,73,6,TS_UNKNOWN_2 | TS_MAPWHO,0,0,1886,550,50,0,5,TM_OBJECT,19,0,TA_SOUTHWEST,0,0,
69,61086,28312,0,28372,7472,14704,384,29,57,6,TS_UNKNOWN_2 | TS_MAPWHO,0,0,1887,551,50,0,5,TM_OBJECT,19,64,TA_SOUTHEAST,0,0,
70,61116,28342,0,28402,7472,14960,384,29,58,6,TS_UNKNOWN_2 | TS_MAPWHO,0,0,1887,551,50,0,5,TM_OBJECT,19,64,TA_SOUTHEAST,0,0,
71,61146,28372,28312,0,7472,14832,384,29,57,6,TS_UNKNOWN_2 | TS_MAPWHO,0,0,1887,551,50,0,5,TM_OBJECT,19,64,TA_SOUTHEAST,0,0,
72,61176,28402,28342,0,7472,15088,384,29,58,6,TS_UNKNOWN_2 | TS_MAPWHO,0,0,1887,551,50,0,5,TM_OBJECT,19,192,TA_NORTHWEST,0,0,
73,61206,28432,0,28522,5416,12232,384,21,47,6,TS_UNKNOWN_2 | TS_MAPWHO,0,0,1887,551,50,0,5,TM_OBJECT,19,192,TA_NORTHWEST,0,0,
74,61236,28462,0,28582,5412,11724,384,21,45,6,TS_UNKNOWN_2 | TS_MAPWHO,0,0,1887,551,50,0,5,TM_OBJECT,19,192,TA_NORTHWEST,0,0,
75,61266,28492,0,28552,5408,11984,384,21,46,6,TS_UNKNOWN_2 | TS_MAPWHO,0,0,1887,551,50,0,5,TM_OBJECT,19,192,TA_NORTHWEST,0,0,
76,61296,28522,28432,0,5412,12108,384,21,47,6,TS_UNKNOWN_2 | TS_MAPWHO,0,0,1887,551,50,0,5,TM_OBJECT,19,192,TA_NORTHWEST,0,0,
77,61326,28552,28492,0,5412,11852,384,21,46,6,TS_UNKNOWN_2 | TS_MAPWHO,0,0,1887,551,50,0,5,TM_OBJECT,19,192,TA_NORTHWEST,0,0,
78,61356,28582,28462,0,5412,11596,384,21,45,6,TS_UNKNOWN_2 | TS_MAPWHO,0,0,1887,551,50,0,5,TM_OBJECT,19,192,TA_NORTHWEST,0,0,
79,61386,28612,0,28642,5336,12328,384,20,48,6,TS_UNKNOWN_2 | TS_MAPWHO,0,0,1886,550,50,0,5,TM_OBJECT,19,0,TA_SOUTHWEST,0,0,
80,61416,28642,28612,0,5216,12336,384,20,48,6,TS_UNKNOWN_2 | TS_MAPWHO,0,0,1886,550,50,0,5,TM_OBJECT,19,0,TA_SOUTHWEST,0,0,
81,61446,28672,0,0,4600,12360,384,17,48,6,TS_UNKNOWN_2 | TS_MAPWHO,0,0,1886,550,50,0,5,TM_OBJECT,19,0,TA_SOUTHWEST,0,0,
82,61476,28702,0,0,5428,11276,384,21,44,6,TS_UNKNOWN_2 | TS_MAPWHO,0,0,1887,551,50,0,5,TM_OBJECT,19,64,TA_SOUTHEAST,0,0,
83,61506,28732,0,28762,5428,11020,384,21,43,6,TS_UNKNOWN_2 | TS_MAPWHO,0,0,1887,551,50,0,5,TM_OBJECT,19,64,TA_SOUTHEAST,0,0,
84,61536,28762,28732,0,5432,11144,384,21,43,6,TS_UNKNOWN_2 | TS_MAPWHO,0,0,1887,551,50,0,5,TM_OBJECT,19,64,TA_SOUTHEAST,0,0,
85,61566,28792,0,0,11728,11824,384,45,46,6,TS_UNKNOWN_2 | TS_MAPWHO,0,0,1886,550,50,0,5,TM_OBJECT,19,128,TA_NORTHEAST,0,0,
86,61596,28822,0,0,11816,11736,384,46,45,6,TS_UNKNOWN_2 | TS_MAPWHO,0,0,1887,551,50,0,5,TM_OBJECT,19,192,TA_NORTHWEST,0,0,
87,61626,28852,26992,28972,16144,6208,384,63,24,6,TS_UNKNOWN_2 | TS_MAPWHO,0,0,1887,551,50,0,5,TM_OBJECT,19,192,TA_NORTHWEST,0,0,
88,61656,28882,0,28942,16144,6464,384,63,25,6,TS_UNKNOWN_2 | TS_MAPWHO,0,0,1887,551,50,0,5,TM_OBJECT,19,192,TA_NORTHWEST,0,0,
89,61686,28912,0,0,16144,6720,384,63,26,6,TS_UNKNOWN_2 | TS_MAPWHO,0,0,1887,551,50,0,5,TM_OBJECT,19,192,TA_NORTHWEST,0,0,
90,61716,28942,28882,0,16140,6596,384,63,25,6,TS_UNKNOWN_2 | TS_MAPWHO,0,0,1887,551,50,0,5,TM_OBJECT,19,192,TA_NORTHWEST,0,0,
91,61746,28972,28852,0,16144,6336,384,63,24,6,TS_UNKNOWN_2 | TS_MAPWHO,0,0,1887,551,50,0,5,TM_OBJECT,19,192,TA_NORTHWEST,0,0,
92,61776,29002,0,0,2188,16436,512,8,64,6,TS_UNKNOWN_2 | TS_MAPWHO,0,1053,4677,1054,50,0,5,TM_OBJECT,10,64,TA_SOUTHEAST,0,0,
93,61806,29032,0,29062,16128,8496,384,63,33,6,TS_UNKNOWN_2 | TS_MAPWHO,0,0,2670,553,50,0,5,TM_OBJECT,18,192,TA_NORTHWEST,0,0,
94,61836,29062,29032,0,16136,8632,384,63,33,6,TS_UNKNOWN_2 | TS_MAPWHO,0,0,1887,551,50,0,5,TM_OBJECT,19,192,TA_NORTHWEST,0,0,
95,61866,29092,0,29362,6464,11056,768,25,43,6,TS_UNKNOWN_2 | TS_MAPWHO,0,1059,4900,1059,50,0,5,TM_OBJECT,10,128,TA_NORTHEAST,0,0,
96,61896,29122,0,29182,8856,11432,256,34,44,6,TS_UNKNOWN_2 | TS_MAPWHO,0,1073,4966,1073,50,0,5,TM_OBJECT,10,128,TA_NORTHEAST,0,0,
97,61926,29152,0,0,8944,11520,256,34,45,6,TS_UNKNOWN_2 | TS_MAPWHO,0,1071,4959,1071,50,0,5,TM_OBJECT,10,128,TA_NORTHEAST,0,0,
98,61956,29182,29122,0,8772,11340,256,34,44,6,TS_UNKNOWN_2 | TS_MAPWHO,0,1059,4997,1059,50,0,5,TM_OBJECT,10,128,TA_NORTHEAST,0,0,
99,61986,29212,0,0,10544,11824,640,41,46,6,TS_UNKNOWN_2 | TS_MAPWHO,0,1063,4920,1063,50,0,5,TM_OBJECT,10,128,TA_NORTHEAST,0,0,
100,62016,29242,0,0,16244,9100,768,63,35,6,TS_UNKNOWN_2 | TS_MAPWHO,0,1071,4963,1072,50,0,5,TM_OBJECT,10,192,TA_NORTHWEST,0,0,
101,62046,29272,0,0,4932,12332,512,19,48,6,TS_UNKNOWN_2 | TS_MAPWHO,0,1071,4958,1071,50,0,5,TM_OBJECT,10,0,TA_SOUTHWEST,0,0,
102,62076,29302,0,0,20596,11628,1024,80,45,6,TS_UNKNOWN_2 | TS_MAPWHO,0,573,2835,573,50,0,5,TM_OBJECT,31,0,TA_SOUTHWEST,0,0,
103,62106,29332,0,0,5796,11244,768,22,43,6,TS_UNKNOWN_2 | TS_MAPWHO,0,1073,4666,1073,50,0,5,TM_OBJECT,10,128,TA_NORTHEAST,0,0,
104,62136,29362,29092,0,6640,11024,256,25,43,6,TS_UNKNOWN_2 | TS_MAPWHO,0,0,2724,618,50,0,5,TM_OBJECT,1,128,TA_NORTHEAST,0,0,
105,62166,29392,0,0,20480,10816,256,80,42,6,TS_UNKNOWN_2 | TS_MAPWHO,0,0,2725,619,50,0,5,TM_OBJECT,1,192,TA_NORTHWEST,0,0,
106,62196,29422,0,0,19976,9480,256,78,37,6,TS_UNKNOWN_2 | TS_MAPWHO,0,1059,4906,1060,50,0,5,TM_OBJECT,10,192,TA_NORTHWEST,0,0,
107,62226,29452,0,0,20088,8888,512,78,34,6,TS_UNKNOWN_2 | TS_MAPWHO,0,1073,4665,1073,50,0,5,TM_OBJECT,10,0,TA_SOUTHWEST,0,0,
108,62256,29482,0,0,20376,8616,256,79,33,6,TS_UNKNOWN_2 | TS_MAPWHO,0,1073,4969,1073,50,0,5,TM_OBJECT,10,0,TA_SOUTHWEST,0,0,
109,62286,29512,0,0,17948,8484,768,70,33,6,TS_UNKNOWN_2 | TS_MAPWHO,0,571,2887,571,50,0,5,TM_OBJECT,31,0,TA_SOUTHWEST,0,0,
110,62316,29542,0,0,16532,5468,256,64,21,6,TS_UNKNOWN_2 | TS_MAPWHO,0,0,2521,561,50,0,5,TM_OBJECT,25,0,TA_SOUTHWEST,0,0,
111,62346,29572,0,0,26208,2880,256,102,11,6,TS_UNKNOWN_2 | TS_MAPWHO,0,0,2521,561,50,0,5,TM_OBJECT,25,0,TA_SOUTHWEST,0,0,
112,62376,29602,0,0,0,0,0,0,0,0,TS_NONE,0,0,0,0,0,0,0,TM_NONE,0,0,TA_SOUTHWEST,0,0,
113,62406,29632,0,0,0,0,0,0,0,0,TS_NONE,0,0,0,0,0,0,0,TM_NONE,0,0,TA_SOUTHWEST,0,0,
114,62436,29662,0,0,0,0,0,0,0,0,TS_NONE,0,0,0,0,0,0,0,TM_NONE,0,0,TA_SOUTHWEST,0,0,
115,62466,29692,0,0,0,0,0,0,0,0,TS_NONE,0,0,0,0,0,0,0,TM_NONE,0,0,TA_SOUTHWEST,0,0,
116,62496,29722,0,0,0,0,0,0,0,0,TS_NONE,0,0,0,0,0,0,0,TM_NONE,0,0,TA_SOUTHWEST,0,0,
117,62526,29752,0,0,0,0,0,0,0,0,TS_NONE,0,0,0,0,0,0,0,TM_NONE,0,0,TA_SOUTHWEST,0,0,
118,62556,29782,0,0,0,0,0,0,0,0,TS_NONE,0,0,0,0,0,0,0,TM_NONE,0,0,TA_SOUTHWEST,0,0,
119,62586,29812,0,0,0,0,0,0,0,0,TS_NONE,0,0,0,0,0,0,0,TM_NONE,0,0,TA_SOUTHWEST,0,0,
120,62616,29842,0,0,0,0,0,0,0,0,TS_NONE,0,0,0,0,0,0,0,TM_NONE,0,0,TA_SOUTHWEST,0,0,
121,62646,29872,0,0,0,0,0,0,0,0,TS_NONE,0,0,0,0,0,0,0,TM_NONE,0,0,TA_SOUTHWEST,0,0,
122,62676,29902,0,0,0,0,0,0,0,0,TS_NONE,0,0,0,0,0,0,0,TM_NONE,0,0,TA_SOUTHWEST,0,0,
123,62706,29932,0,0,0,0,0,0,0,0,TS_NONE,0,0,0,0,0,0,0,TM_NONE,0,0,TA_SOUTHWEST,0,0,
124,62736,29962,0,0,0,0,0,0,0,0,TS_NONE,0,0,0,0,0,0,0,TM_NONE,0,0,TA_SOUTHWEST,0,0,
125,62766,29992,0,0,0,0,0,0,0,0,TS_NONE,0,0,0,0,0,0,0,TM_NONE,0,0,TA_SOUTHWEST,0,0,
126,62796,30022,0,0,0,0,0,0,0,0,TS_NONE,0,0,0,0,0,0,0,TM_NONE,0,0,TA_SOUTHWEST,0,0,
127,62826,30052,0,0,0,0,0,0,0,0,TS_NONE,0,0,0,0,0,0,0,TM_NONE,0,0,TA_SOUTHWEST,0,0,
128,62856,30082,0,0,0,0,0,0,0,0,TS_NONE,0,0,0,0,0,0,0,TM_NONE,0,0,TA_SOUTHWEST,0,0,
129,62886,30112,0,0,0,0,0,0,0,0,TS_NONE,0,0,0,0,0,0,0,TM_NONE,0,0,TA_SOUTHWEST,0,0,
130,62916,30142,0,0,0,0,0,0,0,0,TS_NONE,0,0,0,0,0,0,0,TM_NONE,0,0,TA_SOUTHWEST,0,0,
131,62946,30172,0,0,0,0,0,0,0,0,TS_NONE,0,0,0,0,0,0,0,TM_NONE,0,0,TA_SOUTHWEST,0,0,
132,62976,30202,0,0,0,0,0,0,0,0,TS_NONE,0,0,0,0,0,0,0,TM_NONE,0,0,TA_SOUTHWEST,0,0,
133,63006,30232,0,0,0,0,0,0,0,0,TS_NONE,0,0,0,0,0,0,0,TM_NONE,0,0,TA_SOUTHWEST,0,0,
134,63036,30262,0,0,0,0,0,0,0,0,TS_NONE,0,0,0,0,0,0,0,TM_NONE,0,0,TA_SOUTHWEST,0,0,
135,63066,30292,0,0,0,0,0,0,0,0,TS_NONE,0,0,0,0,0,0,0,TM_NONE,0,0,TA_SOUTHWEST,0,0,
136,63096,30322,0,0,0,0,0,0,0,0,TS_NONE,0,0,0,0,0,0,0,TM_NONE,0,0,TA_SOUTHWEST,0,0,
137,63126,30352,0,0,0,0,0,0,0,0,TS_NONE,0,0,0,0,0,0,0,TM_NONE,0,0,TA_SOUTHWEST,0,0,
138,63156,30382,0,0,0,0,0,0,0,0,TS_NONE,0,0,0,0,0,0,0,TM_NONE,0,0,TA_SOUTHWEST,0,0,
139,63186,30412,0,0,0,0,0,0,0,0,TS_NONE,0,0,0,0,0,0,0,TM_NONE,0,0,TA_SOUTHWEST,0,0,
140,63216,30442,0,0,0,0,0,0,0,0,TS_NONE,0,0,0,0,0,0,0,TM_NONE,0,0,TA_SOUTHWEST,0,0,
141,63246,30472,0,0,0,0,0,0,0,0,TS_NONE,0,0,0,0,0,0,0,TM_NONE,0,0,TA_SOUTHWEST,0,0,
142,63276,30502,0,0,0,0,0,0,0,0,TS_NONE,0,0,0,0,0,0,0,TM_NONE,0,0,TA_SOUTHWEST,0,0,
143,63306,30532,0,0,0,0,0,0,0,0,TS_NONE,0,0,0,0,0,0,0,TM_NONE,0,0,TA_SOUTHWEST,0,0,
144,63336,30562,0,0,0,0,0,0,0,0,TS_NONE,0,0,0,0,0,0,0,TM_NONE,0,0,TA_SOUTHWEST,0,0,
145,63366,30592,0,0,0,0,0,0,0,0,TS_NONE,0,0,0,0,0,0,0,TM_NONE,0,0,TA_SOUTHWEST,0,0,
146,63396,30622,0,0,0,0,0,0,0,0,TS_NONE,0,0,0,0,0,0,0,TM_NONE,0,0,TA_SOUTHWEST,0,0,
147,63426,30652,0,0,0,0,0,0,0,0,TS_NONE,0,0,0,0,0,0,0,TM_NONE,0,0,TA_SOUTHWEST,0,0,
148,63456,30682,0,0,0,0,0,0,0,0,TS_NONE,0,0,0,0,0,0,0,TM_NONE,0,0,TA_SOUTHWEST,0,0,
149,63486,30712,0,0,0,0,0,0,0,0,TS_NONE,0,0,0,0,0,0,0,TM_NONE,0,0,TA_SOUTHWEST,0,0,
150,63516,30742,0,0,0,0,0,0,0,0,TS_NONE,0,0,0,0,0,0,0,TM_NONE,0,0,TA_SOUTHWEST,0,0,
151,63546,30772,0,0,0,0,0,0,0,0,TS_NONE,0,0,0,0,0,0,0,TM_NONE,0,0,TA_SOUTHWEST,0,0,
152,63576,30802,0,0,0,0,0,0,0,0,TS_NONE,0,0,0,0,0,0,0,TM_NONE,0,0,TA_SOUTHWEST,0,0,
153,63606,30832,0,0,0,0,0,0,0,0,TS_NONE,0,0,0,0,0,0,0,TM_NONE,0,0,TA_SOUTHWEST,0,0,
154,63636,30862,0,0,0,0,0,0,0,0,TS_NONE,0,0,0,0,0,0,0,TM_NONE,0,0,TA_SOUTHWEST,0,0,
155,63666,30892,0,0,0,0,0,0,0,0,TS_NONE,0,0,0,0,0,0,0,TM_NONE,0,0,TA_SOUTHWEST,0,0,
156,63696,30922,0,0,0,0,0,0,0,0,TS_NONE,0,0,0,0,0,0,0,TM_NONE,0,0,TA_SOUTHWEST,0,0,
157,63726,30952,0,0,0,0,0,0,0,0,TS_NONE,0,0,0,0,0,0,0,TM_NONE,0,0,TA_SOUTHWEST,0,0,
158,63756,30982,0,0,0,0,0,0,0,0,TS_NONE,0,0,0,0,0,0,0,TM_NONE,0,0,TA_SOUTHWEST,0,0,
159,63786,31012,0,0,0,0,0,0,0,0,TS_NONE,0,0,0,0,0,0,0,TM_NONE,0,0,TA_SOUTHWEST,0,0,
160,63816,31042,0,0,0,0,0,0,0,0,TS_NONE,0,0,0,0,0,0,0,TM_NONE,0,0,TA_SOUTHWEST,0,0,
161,63846,31072,0,0,0,0,0,0,0,0,TS_NONE,0,0,0,0,0,0,0,TM_NONE,0,0,TA_SOUTHWEST,0,0,
162,63876,31102,0,0,0,0,0,0,0,0,TS_NONE,0,0,0,0,0,0,0,TM_NONE,0,0,TA_SOUTHWEST,0,0,
163,63906,31132,0,0,0,0,0,0,0,0,TS_NONE,0,0,0,0,0,0,0,TM_NONE,0,0,TA_SOUTHWEST,0,0,
164,63936,31162,0,0,0,0,0,0,0,0,TS_NONE,0,0,0,0,0,0,0,TM_NONE,0,0,TA_SOUTHWEST,0,0,
165,63966,31192,0,0,0,0,0,0,0,0,TS_NONE,0,0,0,0,0,0,0,TM_NONE,0,0,TA_SOUTHWEST,0,0,
166,63996,31222,0,0,0,0,0,0,0,0,TS_NONE,0,0,0,0,0,0,0,TM_NONE,0,0,TA_SOUTHWEST,0,0,
167,64026,31252,0,0,0,0,0,0,0,0,TS_NONE,0,0,0,0,0,0,0,TM_NONE,0,0,TA_SOUTHWEST,0,0,
168,64056,31282,0,0,0,0,0,0,0,0,TS_NONE,0,0,0,0,0,0,0,TM_NONE,0,0,TA_SOUTHWEST,0,0,
169,64086,31312,0,0,0,0,0,0,0,0,TS_NONE,0,0,0,0,0,0,0,TM_NONE,0,0,TA_SOUTHWEST,0,0,
170,64116,31342,0,0,0,0,0,0,0,0,TS_NONE,0,0,0,0,0,0,0,TM_NONE,0,0,TA_SOUTHWEST,0,0,
171,64146,31372,0,0,0,0,0,0,0,0,TS_NONE,0,0,0,0,0,0,0,TM_NONE,0,0,TA_SOUTHWEST,0,0,
172,64176,31402,0,0,0,0,0,0,0,0,TS_NONE,0,0,0,0,0,0,0,TM_NONE,0,0,TA_SOUTHWEST,0,0,
173,64206,31432,0,0,0,0,0,0,0,0,TS_NONE,0,0,0,0,0,0,0,TM_NONE,0,0,TA_SOUTHWEST,0,0,
174,64236,31462,0,0,0,0,0,0,0,0,TS_NONE,0,0,0,0,0,0,0,TM_NONE,0,0,TA_SOUTHWEST,0,0,
175,64266,31492,0,0,0,0,0,0,0,0,TS_NONE,0,0,0,0,0,0,0,TM_NONE,0,0,TA_SOUTHWEST,0,0,
176,64296,31522,0,0,0,0,0,0,0,0,TS_NONE,0,0,0,0,0,0,0,TM_NONE,0,0,TA_SOUTHWEST,0,0,
177,64326,31552,0,0,0,0,0,0,0,0,TS_NONE,0,0,0,0,0,0,0,TM_NONE,0,0,TA_SOUTHWEST,0,0,
178,64356,31582,0,0,0,0,0,0,0,0,TS_NONE,0,0,0,0,0,0,0,TM_NONE,0,0,TA_SOUTHWEST,0,0,
179,64386,31612,0,0,0,0,0,0,0,0,TS_NONE,0,0,0,0,0,0,0,TM_NONE,0,0,TA_SOUTHWEST,0,0,
180,64416,31642,0,0,0,0,0,0,0,0,TS_NONE,0,0,0,0,0,0,0,TM_NONE,0,0,TA_SOUTHWEST,0,0,
181,64446,31672,0,0,0,0,0,0,0,0,TS_NONE,0,0,0,0,0,0,0,TM_NONE,0,0,TA_SOUTHWEST,0,0,
182,64476,31702,0,0,0,0,0,0,0,0,TS_NONE,0,0,0,0,0,0,0,TM_NONE,0,0,TA_SOUTHWEST,0,0,
183,64506,31732,0,0,0,0,0,0,0,0,TS_NONE,0,0,0,0,0,0,0,TM_NONE,0,0,TA_SOUTHWEST,0,0,
184,64536,31762,0,0,0,0,0,0,0,0,TS_NONE,0,0,0,0,0,0,0,TM_NONE,0,0,TA_SOUTHWEST,0,0,
185,64566,31792,0,0,0,0,0,0,0,0,TS_NONE,0,0,0,0,0,0,0,TM_NONE,0,0,TA_SOUTHWEST,0,0,
186,64596,31822,0,0,0,0,0,0,0,0,TS_NONE,0,0,0,0,0,0,0,TM_NONE,0,0,TA_SOUTHWEST,0,0,
187,64626,31852,0,0,0,0,0,0,0,0,TS_NONE,0,0,0,0,0,0,0,TM_NONE,0,0,TA_SOUTHWEST,0,0,
188,64656,31882,0,0,0,0,0,0,0,0,TS_NONE,0,0,0,0,0,0,0,TM_NONE,0,0,TA_SOUTHWEST,0,0,
189,64686,31912,0,0,0,0,0,0,0,0,TS_NONE,0,0,0,0,0,0,0,TM_NONE,0,0,TA_SOUTHWEST,0,0,
190,64716,31942,0,0,0,0,0,0,0,0,TS_NONE,0,0,0,0,0,0,0,TM_NONE,0,0,TA_SOUTHWEST,0,0,
191,64746,31972,0,0,0,0,0,0,0,0,TS_NONE,0,0,0,0,0,0,0,TM_NONE,0,0,TA_SOUTHWEST,0,0,
192,64776,32002,0,0,0,0,0,0,0,0,TS_NONE,0,0,0,0,0,0,0,TM_NONE,0,0,TA_SOUTHWEST,0,0,
193,64806,32032,0,0,0,0,0,0,0,0,TS_NONE,0,0,0,0,0,0,0,TM_NONE,0,0,TA_SOUTHWEST,0,0,
194,64836,32062,0,0,0,0,0,0,0,0,TS_NONE,0,0,0,0,0,0,0,TM_NONE,0,0,TA_SOUTHWEST,0,0,
195,64866,32092,0,0,0,0,0,0,0,0,TS_NONE,0,0,0,0,0,0,0,TM_NONE,0,0,TA_SOUTHWEST,0,0,
196,64896,32122,0,0,0,0,0,0,0,0,TS_NONE,0,0,0,0,0,0,0,TM_NONE,0,0,TA_SOUTHWEST,0,0,
197,64926,32152,0,0,0,0,0,0,0,0,TS_NONE,0,0,0,0,0,0,0,TM_NONE,0,0,TA_SOUTHWEST,0,0,
198,64956,32182,0,0,0,0,0,0,0,0,TS_NONE,0,0,0,0,0,0,0,TM_NONE,0,0,TA_SOUTHWEST,0,0,
199,64986,32212,0,0,0,0,0,0,0,0,TS_NONE,0,0,0,0,0,0,0,TM_NONE,0,0,TA_SOUTHWEST,0,0,
200,65016,32242,0,0,0,0,0,0,0,0,TS_NONE,0,0,0,0,0,0,0,TM_NONE,0,0,TA_SOUTHWEST,0,0,
201,65046,32272,0,0,0,0,0,0,0,0,TS_NONE,0,0,0,0,0,0,0,TM_NONE,0,0,TA_SOUTHWEST,0,0,
202,65076,32302,0,0,0,0,0,0,0,0,TS_NONE,0,0,0,0,0,0,0,TM_NONE,0,0,TA_SOUTHWEST,0,0,
203,65106,32332,0,0,0,0,0,0,0,0,TS_NONE,0,0,0,0,0,0,0,TM_NONE,0,0,TA_SOUTHWEST,0,0,
204,65136,32362,0,0,0,0,0,0,0,0,TS_NONE,0,0,0,0,0,0,0,TM_NONE,0,0,TA_SOUTHWEST,0,0,
205,65166,32392,0,0,0,0,0,0,0,0,TS_NONE,0,0,0,0,0,0,0,TM_NONE,0,0,TA_SOUTHWEST,0,0,
206,65196,32422,0,0,0,0,0,0,0,0,TS_NONE,0,0,0,0,0,0,0,TM_NONE,0,0,TA_SOUTHWEST,0,0,
207,65226,32452,0,0,0,0,0,0,0,0,TS_NONE,0,0,0,0,0,0,0,TM_NONE,0,0,TA_SOUTHWEST,0,0,
208,65256,32482,0,0,0,0,0,0,0,0,TS_NONE,0,0,0,0,0,0,0,TM_NONE,0,0,TA_SOUTHWEST,0,0,
209,65286,32512,0,0,0,0,0,0,0,0,TS_NONE,0,0,0,0,0,0,0,TM_NONE,0,0,TA_SOUTHWEST,0,0,
210,65316,32542,0,0,0,0,0,0,0,0,TS_NONE,0,0,0,0,0,0,0,TM_NONE,0,0,TA_SOUTHWEST,0,0,
211,65346,32572,0,0,0,0,0,0,0,0,TS_NONE,0,0,0,0,0,0,0,TM_NONE,0,0,TA_SOUTHWEST,0,0,
212,65376,32602,0,0,0,0,0,0,0,0,TS_NONE,0,0,0,0,0,0,0,TM_NONE,0,0,TA_SOUTHWEST,0,0,
213,65406,32632,0,0,0,0,0,0,0,0,TS_NONE,0,0,0,0,0,0,0,TM_NONE,0,0,TA_SOUTHWEST,0,0,
214,65436,32662,0,0,0,0,0,0,0,0,TS_NONE,0,0,0,0,0,0,0,TM_NONE,0,0,TA_SOUTHWEST,0,0,
215,65466,32692,0,0,0,0,0,0,0,0,TS_NONE,0,0,0,0,0,0,0,TM_NONE,0,0,TA_SOUTHWEST,0,0,
216,65496,32722,0,0,0,0,0,0,0,0,TS_NONE,0,0,0,0,0,0,0,TM_NONE,0,0,TA_SOUTHWEST,0,0,
217,65526,32752,0,0,0,0,0,0,0,0,TS_NONE,0,0,0,0,0,0,0,TM_NONE,0,0,TA_SOUTHWEST,0,0,
218,65556,32782,0,0,0,0,0,0,0,0,TS_NONE,0,0,0,0,0,0,0,TM_NONE,0,0,TA_SOUTHWEST,0,0,
219,65586,32812,0,0,0,0,0,0,0,0,TS_NONE,0,0,0,0,0,0,0,TM_NONE,0,0,TA_SOUTHWEST,0,0,
220,65616,32842,0,0,0,0,0,0,0,0,TS_NONE,0,0,0,0,0,0,0,TM_NONE,0,0,TA_SOUTHWEST,0,0,
221,65646,32872,0,0,0,0,0,0,0,0,TS_NONE,0,0,0,0,0,0,0,TM_NONE,0,0,TA_SOUTHWEST,0,0,
222,65676,32902,0,0,0,0,0,0,0,0,TS_NONE,0,0,0,0,0,0,0,TM_NONE,0,0,TA_SOUTHWEST,0,0,
223,65706,32932,0,0,0,0,0,0,0,0,TS_NONE,0,0,0,0,0,0,0,TM_NONE,0,0,TA_SOUTHWEST,0,0,
224,65736,32962,0,0,0,0,0,0,0,0,TS_NONE,0,0,0,0,0,0,0,TM_NONE,0,0,TA_SOUTHWEST,0,0,
225,65766,32992,0,0,0,0,0,0,0,0,TS_NONE,0,0,0,0,0,0,0,TM_NONE,0,0,TA_SOUTHWEST,0,0,
226,65796,33022,0,0,0,0,0,0,0,0,TS_NONE,0,0,0,0,0,0,0,TM_NONE,0,0,TA_SOUTHWEST,0,0,
227,65826,33052,0,0,0,0,0,0,0,0,TS_NONE,0,0,0,0,0,0,0,TM_NONE,0,0,TA_SOUTHWEST,0,0,
228,65856,33082,0,0,0,0,0,0,0,0,TS_NONE,0,0,0,0,0,0,0,TM_NONE,0,0,TA_SOUTHWEST,0,0,
229,65886,33112,0,0,0,0,0,0,0,0,TS_NONE,0,0,0,0,0,0,0,TM_NONE,0,0,TA_SOUTHWEST,0,0,
230,65916,33142,0,0,0,0,0,0,0,0,TS_NONE,0,0,0,0,0,0,0,TM_NONE,0,0,TA_SOUTHWEST,0,0,
231,65946,33172,0,0,0,0,0,0,0,0,TS_NONE,0,0,0,0,0,0,0,TM_NONE,0,0,TA_SOUTHWEST,0,0,
232,65976,33202,0,0,0,0,0,0,0,0,TS_NONE,0,0,0,0,0,0,0,TM_NONE,0,0,TA_SOUTHWEST,0,0,
233,66006,33232,0,0,0,0,0,0,0,0,TS_NONE,0,0,0,0,0,0,0,TM_NONE,0,0,TA_SOUTHWEST,0,0,
234,66036,33262,0,0,0,0,0,0,0,0,TS_NONE,0,0,0,0,0,0,0,TM_NONE,0,0,TA_SOUTHWEST,0,0,
235,66066,33292,0,0,0,0,0,0,0,0,TS_NONE,0,0,0,0,0,0,0,TM_NONE,0,0,TA_SOUTHWEST,0,0,
236,66096,33322,0,0,0,0,0,0,0,0,TS_NONE,0,0,0,0,0,0,0,TM_NONE,0,0,TA_SOUTHWEST,0,0,
237,66126,33352,0,0,0,0,0,0,0,0,TS_NONE,0,0,0,0,0,0,0,TM_NONE,0,0,TA_SOUTHWEST,0,0,
238,66156,33382,0,0,0,0,0,0,0,0,TS_NONE,0,0,0,0,0,0,0,TM_NONE,0,0,TA_SOUTHWEST,0,0,
239,66186,33412,0,0,0,0,0,0,0,0,TS_NONE,0,0,0,0,0,0,0,TM_NONE,0,0,TA_SOUTHWEST,0,0,
240,66216,33442,0,0,0,0,0,0,0,0,TS_NONE,0,0,0,0,0,0,0,TM_NONE,0,0,TA_SOUTHWEST,0,0,
241,66246,33472,0,0,0,0,0,0,0,0,TS_NONE,0,0,0,0,0,0,0,TM_NONE,0,0,TA_SOUTHWEST,0,0,
242,66276,33502,0,0,0,0,0,0,0,0,TS_NONE,0,0,0,0,0,0,0,TM_NONE,0,0,TA_SOUTHWEST,0,0,
243,66306,33532,0,0,0,0,0,0,0,0,TS_NONE,0,0,0,0,0,0,0,TM_NONE,0,0,TA_SOUTHWEST,0,0,
244,66336,33562,0,0,0,0,0,0,0,0,TS_NONE,0,0,0,0,0,0,0,TM_NONE,0,0,TA_SOUTHWEST,0,0,
245,66366,33592,0,0,0,0,0,0,0,0,TS_NONE,0,0,0,0,0,0,0,TM_NONE,0,0,TA_SOUTHWEST,0,0,
246,66396,33622,0,0,0,0,0,0,0,0,TS_NONE,0,0,0,0,0,0,0,TM_NONE,0,0,TA_SOUTHWEST,0,0,
247,66426,33652,0,0,0,0,0,0,0,0,TS_NONE,0,0,0,0,0,0,0,TM_NONE,0,0,TA_SOUTHWEST,0,0,
248,66456,33682,0,0,0,0,0,0,0,0,TS_NONE,0,0,0,0,0,0,0,TM_NONE,0,0,TA_SOUTHWEST,0,0,
249,66486,33712,0,0,0,0,0,0,0,0,TS_NONE,0,0,0,0,0,0,0,TM_NONE,0,0,TA_SOUTHWEST,0,0,
250,66516,33742,0,0,0,0,0,0,0,0,TS_NONE,0,0,0,0,0,0,0,TM_NONE,0,0,TA_SOUTHWEST,0,0,
251,66546,33772,0,0,0,0,0,0,0,0,TS_NONE,0,0,0,0,0,0,0,TM_NONE,0,0,TA_SOUTHWEST,0,0,
252,66576,33802,0,0,0,0,0,0,0,0,TS_NONE,0,0,0,0,0,0,0,TM_NONE,0,0,TA_SOUTHWEST,0,0,
253,66606,33832,0,0,0,0,0,0,0,0,TS_NONE,0,0,0,0,0,0,0,TM_NONE,0,0,TA_SOUTHWEST,0,0,
254,66636,33862,0,0,0,0,0,0,0,0,TS_NONE,0,0,0,0,0,0,0,TM_NONE,0,0,TA_SOUTHWEST,0,0,
255,66666,33892,0,0,0,0,0,0,0,0,TS_NONE,0,0,0,0,0,0,0,TM_NONE,0,0,TA_SOUTHWEST,0,0,
256,66696,33922,0,0,0,0,0,0,0,0,TS_NONE,0,0,0,0,0,0,0,TM_NONE,0,0,TA_SOUTHWEST,0,0,
257,66726,33952,0,0,0,0,0,0,0,0,TS_NONE,0,0,0,0,0,0,0,TM_NONE,0,0,TA_SOUTHWEST,0,0,
258,66756,33982,0,0,0,0,0,0,0,0,TS_NONE,0,0,0,0,0,0,0,TM_NONE,0,0,TA_SOUTHWEST,0,0,
259,66786,34012,0,0,0,0,0,0,0,0,TS_NONE,0,0,0,0,0,0,0,TM_NONE,0,0,TA_SOUTHWEST,0,0,
260,66816,34042,0,0,0,0,0,0,0,0,TS_NONE,0,0,0,0,0,0,0,TM_NONE,0,0,TA_SOUTHWEST,0,0,
261,66846,34072,0,0,0,0,0,0,0,0,TS_NONE,0,0,0,0,0,0,0,TM_NONE,0,0,TA_SOUTHWEST,0,0,
262,66876,34102,0,0,0,0,0,0,0,0,TS_NONE,0,0,0,0,0,0,0,TM_NONE,0,0,TA_SOUTHWEST,0,0,
263,66906,34132,0,0,0,0,0,0,0,0,TS_NONE,0,0,0,0,0,0,0,TM_NONE,0,0,TA_SOUTHWEST,0,0,
264,66936,34162,0,0,0,0,0,0,0,0,TS_NONE,0,0,0,0,0,0,0,TM_NONE,0,0,TA_SOUTHWEST,0,0,
265,66966,34192,0,0,0,0,0,0,0,0,TS_NONE,0,0,0,0,0,0,0,TM_NONE,0,0,TA_SOUTHWEST,0,0,
266,66996,34222,0,0,0,0,0,0,0,0,TS_NONE,0,0,0,0,0,0,0,TM_NONE,0,0,TA_SOUTHWEST,0,0,
267,67026,34252,0,0,0,0,0,0,0,0,TS_NONE,0,0,0,0,0,0,0,TM_NONE,0,0,TA_SOUTHWEST,0,0,
268,67056,34282,0,0,0,0,0,0,0,0,TS_NONE,0,0,0,0,0,0,0,TM_NONE,0,0,TA_SOUTHWEST,0,0,
269,67086,34312,0,0,0,0,0,0,0,0,TS_NONE,0,0,0,0,0,0,0,TM_NONE,0,0,TA_SOUTHWEST,0,0,
270,67116,34342,0,0,0,0,0,0,0,0,TS_NONE,0,0,0,0,0,0,0,TM_NONE,0,0,TA_SOUTHWEST,0,0,
271,67146,34372,0,0,0,0,0,0,0,0,TS_NONE,0,0,0,0,0,0,0,TM_NONE,0,0,TA_SOUTHWEST,0,0,
272,67176,34402,0,0,0,0,0,0,0,0,TS_NONE,0,0,0,0,0,0,0,TM_NONE,0,0,TA_SOUTHWEST,0,0,
273,67206,34432,0,0,0,0,0,0,0,0,TS_NONE,0,0,0,0,0,0,0,TM_NONE,0,0,TA_SOUTHWEST,0,0,
274,67236,34462,0,0,0,0,0,0,0,0,TS_NONE,0,0,0,0,0,0,0,TM_NONE,0,0,TA_SOUTHWEST,0,0,
275,67266,34492,0,0,0,0,0,0,0,0,TS_NONE,0,0,0,0,0,0,0,TM_NONE,0,0,TA_SOUTHWEST,0,0,
276,67296,34522,0,0,0,0,0,0,0,0,TS_NONE,0,0,0,0,0,0,0,TM_NONE,0,0,TA_SOUTHWEST,0,0,
277,67326,34552,0,0,0,0,0,0,0,0,TS_NONE,0,0,0,0,0,0,0,TM_NONE,0,0,TA_SOUTHWEST,0,0,
278,67356,34582,0,0,0,0,0,0,0,0,TS_NONE,0,0,0,0,0,0,0,TM_NONE,0,0,TA_SOUTHWEST,0,0,
279,67386,34612,0,0,0,0,0,0,0,0,TS_NONE,0,0,0,0,0,0,0,TM_NONE,0,0,TA_SOUTHWEST,0,0,
280,67416,34642,0,0,0,0,0,0,0,0,TS_NONE,0,0,0,0,0,0,0,TM_NONE,0,0,TA_SOUTHWEST,0,0,
281,67446,34672,0,0,0,0,0,0,0,0,TS_NONE,0,0,0,0,0,0,0,TM_NONE,0,0,TA_SOUTHWEST,0,0,
282,67476,34702,0,0,0,0,0,0,0,0,TS_NONE,0,0,0,0,0,0,0,TM_NONE,0,0,TA_SOUTHWEST,0,0,
283,67506,34732,0,0,0,0,0,0,0,0,TS_NONE,0,0,0,0,0,0,0,TM_NONE,0,0,TA_SOUTHWEST,0,0,
284,67536,34762,0,0,0,0,0,0,0,0,TS_NONE,0,0,0,0,0,0,0,TM_NONE,0,0,TA_SOUTHWEST,0,0,
285,67566,34792,0,0,0,0,0,0,0,0,TS_NONE,0,0,0,0,0,0,0,TM_NONE,0,0,TA_SOUTHWEST,0,0,
286,67596,34822,0,0,0,0,0,0,0,0,TS_NONE,0,0,0,0,0,0,0,TM_NONE,0,0,TA_SOUTHWEST,0,0,
287,67626,34852,0,0,0,0,0,0,0,0,TS_NONE,0,0,0,0,0,0,0,TM_NONE,0,0,TA_SOUTHWEST,0,0,
288,67656,34882,0,0,0,0,0,0,0,0,TS_NONE,0,0,0,0,0,0,0,TM_NONE,0,0,TA_SOUTHWEST,0,0,
289,67686,34912,0,0,0,0,0,0,0,0,TS_NONE,0,0,0,0,0,0,0,TM_NONE,0,0,TA_SOUTHWEST,0,0,
290,67716,34942,0,0,0,0,0,0,0,0,TS_NONE,0,0,0,0,0,0,0,TM_NONE,0,0,TA_SOUTHWEST,0,0,
291,67746,34972,0,0,0,0,0,0,0,0,TS_NONE,0,0,0,0,0,0,0,TM_NONE,0,0,TA_SOUTHWEST,0,0,
292,67776,35002,0,0,0,0,0,0,0,0,TS_NONE,0,0,0,0,0,0,0,TM_NONE,0,0,TA_SOUTHWEST,0,0,
293,67806,35032,0,0,0,0,0,0,0,0,TS_NONE,0,0,0,0,0,0,0,TM_NONE,0,0,TA_SOUTHWEST,0,0,
294,67836,35062,0,0,0,0,0,0,0,0,TS_NONE,0,0,0,0,0,0,0,TM_NONE,0,0,TA_SOUTHWEST,0,0,
295,67866,35092,0,0,0,0,0,0,0,0,TS_NONE,0,0,0,0,0,0,0,TM_NONE,0,0,TA_SOUTHWEST,0,0,
296,67896,35122,0,0,0,0,0,0,0,0,TS_NONE,0,0,0,0,0,0,0,TM_NONE,0,0,TA_SOUTHWEST,0,0,
297,67926,35152,0,0,0,0,0,0,0,0,TS_NONE,0,0,0,0,0,0,0,TM_NONE,0,0,TA_SOUTHWEST,0,0,
298,67956,35182,0,0,0,0,0,0,0,0,TS_NONE,0,0,0,0,0,0,0,TM_NONE,0,0,TA_SOUTHWEST,0,0,
299,67986,35212,0,0,0,0,0,0,0,0,TS_NONE,0,0,0,0,0,0,0,TM_NONE,0,0,TA_SOUTHWEST,0,0,
300,68016,35242,0,0,0,0,0,0,0,0,TS_NONE,0,0,0,0,0,0,0,TM_NONE,0,0,TA_SOUTHWEST,0,0,
301,68046,35272,0,0,0,0,0,0,0,0,TS_NONE,0,0,0,0,0,0,0,TM_NONE,0,0,TA_SOUTHWEST,0,0,
302,68076,35302,0,0,0,0,0,0,0,0,TS_NONE,0,0,0,0,0,0,0,TM_NONE,0,0,TA_SOUTHWEST,0,0,
303,68106,35332,0,0,0,0,0,0,0,0,TS_NONE,0,0,0,0,0,0,0,TM_NONE,0,0,TA_SOUTHWEST,0,0,
304,68136,35362,0,0,0,0,0,0,0,0,TS_NONE,0,0,0,0,0,0,0,TM_NONE,0,0,TA_SOUTHWEST,0,0,
305,68166,35392,0,0,0,0,0,0,0,0,TS_NONE,0,0,0,0,0,0,0,TM_NONE,0,0,TA_SOUTHWEST,0,0,
306,68196,35422,0,0,0,0,0,0,0,0,TS_NONE,0,0,0,0,0,0,0,TM_NONE,0,0,TA_SOUTHWEST,0,0,
307,68226,35452,0,0,0,0,0,0,0,0,TS_NONE,0,0,0,0,0,0,0,TM_NONE,0,0,TA_SOUTHWEST,0,0,
308,68256,35482,0,0,0,0,0,0,0,0,TS_NONE,0,0,0,0,0,0,0,TM_NONE,0,0,TA_SOUTHWEST,0,0,
309,68286,35512,0,0,0,0,0,0,0,0,TS_NONE,0,0,0,0,0,0,0,TM_NONE,0,0,TA_SOUTHWEST,0,0,
310,68316,35542,0,0,0,0,0,0,0,0,TS_NONE,0,0,0,0,0,0,0,TM_NONE,0,0,TA_SOUTHWEST,0,0,
311,68346,35572,0,0,0,0,0,0,0,0,TS_NONE,0,0,0,0,0,0,0,TM_NONE,0,0,TA_SOUTHWEST,0,0,
312,68376,35602,0,0,0,0,0,0,0,0,TS_NONE,0,0,0,0,0,0,0,TM_NONE,0,0,TA_SOUTHWEST,0,0,
313,68406,35632,0,0,0,0,0,0,0,0,TS_NONE,0,0,0,0,0,0,0,TM_NONE,0,0,TA_SOUTHWEST,0,0,
314,68436,35662,0,0,0,0,0,0,0,0,TS_NONE,0,0,0,0,0,0,0,TM_NONE,0,0,TA_SOUTHWEST,0,0,
315,68466,35692,0,0,0,0,0,0,0,0,TS_NONE,0,0,0,0,0,0,0,TM_NONE,0,0,TA_SOUTHWEST,0,0,
316,68496,35722,0,0,0,0,0,0,0,0,TS_NONE,0,0,0,0,0,0,0,TM_NONE,0,0,TA_SOUTHWEST,0,0,
317,68526,35752,0,0,0,0,0,0,0,0,TS_NONE,0,0,0,0,0,0,0,TM_NONE,0,0,TA_SOUTHWEST,0,0,
318,68556,35782,0,0,0,0,0,0,0,0,TS_NONE,0,0,0,0,0,0,0,TM_NONE,0,0,TA_SOUTHWEST,0,0,
319,68586,35812,0,0,0,0,0,0,0,0,TS_NONE,0,0,0,0,0,0,0,TM_NONE,0,0,TA_SOUTHWEST,0,0,
320,68616,35842,0,0,0,0,0,0,0,0,TS_NONE,0,0,0,0,0,0,0,TM_NONE,0,0,TA_SOUTHWEST,0,0,
321,68646,35872,0,0,0,0,0,0,0,0,TS_NONE,0,0,0,0,0,0,0,TM_NONE,0,0,TA_SOUTHWEST,0,0,
322,68676,35902,0,0,0,0,0,0,0,0,TS_NONE,0,0,0,0,0,0,0,TM_NONE,0,0,TA_SOUTHWEST,0,0,
323,68706,35932,0,0,0,0,0,0,0,0,TS_NONE,0,0,0,0,0,0,0,TM_NONE,0,0,TA_SOUTHWEST,0,0,
324,68736,35962,0,0,0,0,0,0,0,0,TS_NONE,0,0,0,0,0,0,0,TM_NONE,0,0,TA_SOUTHWEST,0,0,
325,68766,35992,0,0,0,0,0,0,0,0,TS_NONE,0,0,0,0,0,0,0,TM_NONE,0,0,TA_SOUTHWEST,0,0,
326,68796,36022,0,0,0,0,0,0,0,0,TS_NONE,0,0,0,0,0,0,0,TM_NONE,0,0,TA_SOUTHWEST,0,0,
327,68826,36052,0,0,0,0,0,0,0,0,TS_NONE,0,0,0,0,0,0,0,TM_NONE,0,0,TA_SOUTHWEST,0,0,
328,68856,36082,0,0,0,0,0,0,0,0,TS_NONE,0,0,0,0,0,0,0,TM_NONE,0,0,TA_SOUTHWEST,0,0,
329,68886,36112,0,0,0,0,0,0,0,0,TS_NONE,0,0,0,0,0,0,0,TM_NONE,0,0,TA_SOUTHWEST,0,0,
330,68916,36142,0,0,0,0,0,0,0,0,TS_NONE,0,0,0,0,0,0,0,TM_NONE,0,0,TA_SOUTHWEST,0,0,
331,68946,36172,0,0,0,0,0,0,0,0,TS_NONE,0,0,0,0,0,0,0,TM_NONE,0,0,TA_SOUTHWEST,0,0,
332,68976,36202,0,0,0,0,0,0,0,0,TS_NONE,0,0,0,0,0,0,0,TM_NONE,0,0,TA_SOUTHWEST,0,0,
333,69006,36232,0,0,0,0,0,0,0,0,TS_NONE,0,0,0,0,0,0,0,TM_NONE,0,0,TA_SOUTHWEST,0,0,
334,69036,36262,0,0,0,0,0,0,0,0,TS_NONE,0,0,0,0,0,0,0,TM_NONE,0,0,TA_SOUTHWEST,0,0,
335,69066,36292,0,0,0,0,0,0,0,0,TS_NONE,0,0,0,0,0,0,0,TM_NONE,0,0,TA_SOUTHWEST,0,0,
336,69096,36322,0,0,0,0,0,0,0,0,TS_NONE,0,0,0,0,0,0,0,TM_NONE,0,0,TA_SOUTHWEST,0,0,
337,69126,36352,0,0,0,0,0,0,0,0,TS_NONE,0,0,0,0,0,0,0,TM_NONE,0,0,TA_SOUTHWEST,0,0,
338,69156,36382,0,0,0,0,0,0,0,0,TS_NONE,0,0,0,0,0,0,0,TM_NONE,0,0,TA_SOUTHWEST,0,0,
339,69186,36412,0,0,0,0,0,0,0,0,TS_NONE,0,0,0,0,0,0,0,TM_NONE,0,0,TA_SOUTHWEST,0,0,
340,69216,36442,0,0,0,0,0,0,0,0,TS_NONE,0,0,0,0,0,0,0,TM_NONE,0,0,TA_SOUTHWEST,0,0,
341,69246,36472,0,0,0,0,0,0,0,0,TS_NONE,0,0,0,0,0,0,0,TM_NONE,0,0,TA_SOUTHWEST,0,0,
342,69276,36502,0,0,0,0,0,0,0,0,TS_NONE,0,0,0,0,0,0,0,TM_NONE,0,0,TA_SOUTHWEST,0,0,
343,69306,36532,0,0,0,0,0,0,0,0,TS_NONE,0,0,0,0,0,0,0,TM_NONE,0,0,TA_SOUTHWEST,0,0,
344,69336,36562,0,0,0,0,0,0,0,0,TS_NONE,0,0,0,0,0,0,0,TM_NONE,0,0,TA_SOUTHWEST,0,0,
345,69366,36592,0,0,0,0,0,0,0,0,TS_NONE,0,0,0,0,0,0,0,TM_NONE,0,0,TA_SOUTHWEST,0,0,
346,69396,36622,0,0,0,0,0,0,0,0,TS_NONE,0,0,0,0,0,0,0,TM_NONE,0,0,TA_SOUTHWEST,0,0,
347,69426,36652,0,0,0,0,0,0,0,0,TS_NONE,0,0,0,0,0,0,0,TM_NONE,0,0,TA_SOUTHWEST,0,0,
348,69456,36682,0,0,0,0,0,0,0,0,TS_NONE,0,0,0,0,0,0,0,TM_NONE,0,0,TA_SOUTHWEST,0,0,
349,69486,36712,0,0,0,0,0,0,0,0,TS_NONE,0,0,0,0,0,0,0,TM_NONE,0,0,TA_SOUTHWEST,0,0,
350,69516,36742,0,0,0,0,0,0,0,0,TS_NONE,0,0,0,0,0,0,0,TM_NONE,0,0,TA_SOUTHWEST,0,0,
351,69546,36772,0,0,0,0,0,0,0,0,TS_NONE,0,0,0,0,0,0,0,TM_NONE,0,0,TA_SOUTHWEST,0,0,
352,69576,36802,0,0,0,0,0,0,0,0,TS_NONE,0,0,0,0,0,0,0,TM_NONE,0,0,TA_SOUTHWEST,0,0,
353,69606,36832,0,0,0,0,0,0,0,0,TS_NONE,0,0,0,0,0,0,0,TM_NONE,0,0,TA_SOUTHWEST,0,0,
354,69636,36862,0,0,0,0,0,0,0,0,TS_NONE,0,0,0,0,0,0,0,TM_NONE,0,0,TA_SOUTHWEST,0,0,
355,69666,36892,0,0,0,0,0,0,0,0,TS_NONE,0,0,0,0,0,0,0,TM_NONE,0,0,TA_SOUTHWEST,0,0,
356,69696,36922,0,0,0,0,0,0,0,0,TS_NONE,0,0,0,0,0,0,0,TM_NONE,0,0,TA_SOUTHWEST,0,0,
357,69726,36952,0,0,0,0,0,0,0,0,TS_NONE,0,0,0,0,0,0,0,TM_NONE,0,0,TA_SOUTHWEST,0,0,
358,69756,36982,0,0,0,0,0,0,0,0,TS_NONE,0,0,0,0,0,0,0,TM_NONE,0,0,TA_SOUTHWEST,0,0,
359,69786,37012,0,0,0,0,0,0,0,0,TS_NONE,0,0,0,0,0,0,0,TM_NONE,0,0,TA_SOUTHWEST,0,0,
360,69816,37042,0,0,0,0,0,0,0,0,TS_NONE,0,0,0,0,0,0,0,TM_NONE,0,0,TA_SOUTHWEST,0,0,
361,69846,37072,0,0,0,0,0,0,0,0,TS_NONE,0,0,0,0,0,0,0,TM_NONE,0,0,TA_SOUTHWEST,0,0,
362,69876,37102,0,0,0,0,0,0,0,0,TS_NONE,0,0,0,0,0,0,0,TM_NONE,0,0,TA_SOUTHWEST,0,0,
363,69906,37132,0,0,0,0,0,0,0,0,TS_NONE,0,0,0,0,0,0,0,TM_NONE,0,0,TA_SOUTHWEST,0,0,
364,69936,37162,0,0,0,0,0,0,0,0,TS_NONE,0,0,0,0,0,0,0,TM_NONE,0,0,TA_SOUTHWEST,0,0,
365,69966,37192,0,0,0,0,0,0,0,0,TS_NONE,0,0,0,0,0,0,0,TM_NONE,0,0,TA_SOUTHWEST,0,0,
366,69996,37222,0,0,0,0,0,0,0,0,TS_NONE,0,0,0,0,0,0,0,TM_NONE,0,0,TA_SOUTHWEST,0,0,
367,70026,37252,0,0,0,0,0,0,0,0,TS_NONE,0,0,0,0,0,0,0,TM_NONE,0,0,TA_SOUTHWEST,0,0,
368,70056,37282,0,0,0,0,0,0,0,0,TS_NONE,0,0,0,0,0,0,0,TM_NONE,0,0,TA_SOUTHWEST,0,0,
369,70086,37312,0,0,0,0,0,0,0,0,TS_NONE,0,0,0,0,0,0,0,TM_NONE,0,0,TA_SOUTHWEST,0,0,
370,70116,37342,0,0,0,0,0,0,0,0,TS_NONE,0,0,0,0,0,0,0,TM_NONE,0,0,TA_SOUTHWEST,0,0,
371,70146,37372,0,0,0,0,0,0,0,0,TS_NONE,0,0,0,0,0,0,0,TM_NONE,0,0,TA_SOUTHWEST,0,0,
372,70176,37402,0,0,0,0,0,0,0,0,TS_NONE,0,0,0,0,0,0,0,TM_NONE,0,0,TA_SOUTHWEST,0,0,
373,70206,37432,0,0,0,0,0,0,0,0,TS_NONE,0,0,0,0,0,0,0,TM_NONE,0,0,TA_SOUTHWEST,0,0,
374,70236,37462,0,0,0,0,0,0,0,0,TS_NONE,0,0,0,0,0,0,0,TM_NONE,0,0,TA_SOUTHWEST,0,0,
375,70266,37492,0,0,0,0,0,0,0,0,TS_NONE,0,0,0,0,0,0,0,TM_NONE,0,0,TA_SOUTHWEST,0,0,
376,70296,37522,0,0,0,0,0,0,0,0,TS_NONE,0,0,0,0,0,0,0,TM_NONE,0,0,TA_SOUTHWEST,0,0,
377,70326,37552,0,0,0,0,0,0,0,0,TS_NONE,0,0,0,0,0,0,0,TM_NONE,0,0,TA_SOUTHWEST,0,0,
378,70356,37582,0,0,0,0,0,0,0,0,TS_NONE,0,0,0,0,0,0,0,TM_NONE,0,0,TA_SOUTHWEST,0,0,
379,70386,37612,0,0,0,0,0,0,0,0,TS_NONE,0,0,0,0,0,0,0,TM_NONE,0,0,TA_SOUTHWEST,0,0,
380,70416,37642,0,0,0,0,0,0,0,0,TS_NONE,0,0,0,0,0,0,0,TM_NONE,0,0,TA_SOUTHWEST,0,0,
381,70446,37672,0,0,0,0,0,0,0,0,TS_NONE,0,0,0,0,0,0,0,TM_NONE,0,0,TA_SOUTHWEST,0,0,
382,70476,37702,0,0,0,0,0,0,0,0,TS_NONE,0,0,0,0,0,0,0,TM_NONE,0,0,TA_SOUTHWEST,0,0,
383,70506,37732,0,0,0,0,0,0,0,0,TS_NONE,0,0,0,0,0,0,0,TM_NONE,0,0,TA_SOUTHWEST,0,0,
384,70536,37762,0,0,0,0,0,0,0,0,TS_NONE,0,0,0,0,0,0,0,TM_NONE,0,0,TA_SOUTHWEST,0,0,
385,70566,37792,0,0,0,0,0,0,0,0,TS_NONE,0,0,0,0,0,0,0,TM_NONE,0,0,TA_SOUTHWEST,0,0,
386,70596,37822,0,0,0,0,0,0,0,0,TS_NONE,0,0,0,0,0,0,0,TM_NONE,0,0,TA_SOUTHWEST,0,0,
387,70626,37852,0,0,0,0,0,0,0,0,TS_NONE,0,0,0,0,0,0,0,TM_NONE,0,0,TA_SOUTHWEST,0,0,
388,70656,37882,0,0,0,0,0,0,0,0,TS_NONE,0,0,0,0,0,0,0,TM_NONE,0,0,TA_SOUTHWEST,0,0,
389,70686,37912,0,0,0,0,0,0,0,0,TS_NONE,0,0,0,0,0,0,0,TM_NONE,0,0,TA_SOUTHWEST,0,0,
390,70716,37942,0,0,0,0,0,0,0,0,TS_NONE,0,0,0,0,0,0,0,TM_NONE,0,0,TA_SOUTHWEST,0,0,
391,70746,37972,0,0,0,0,0,0,0,0,TS_NONE,0,0,0,0,0,0,0,TM_NONE,0,0,TA_SOUTHWEST,0,0,
392,70776,38002,0,0,0,0,0,0,0,0,TS_NONE,0,0,0,0,0,0,0,TM_NONE,0,0,TA_SOUTHWEST,0,0,
393,70806,38032,0,0,0,0,0,0,0,0,TS_NONE,0,0,0,0,0,0,0,TM_NONE,0,0,TA_SOUTHWEST,0,0,
394,70836,38062,0,0,0,0,0,0,0,0,TS_NONE,0,0,0,0,0,0,0,TM_NONE,0,0,TA_SOUTHWEST,0,0,
395,70866,38092,0,0,0,0,0,0,0,0,TS_NONE,0,0,0,0,0,0,0,TM_NONE,0,0,TA_SOUTHWEST,0,0,
396,70896,38122,0,0,0,0,0,0,0,0,TS_NONE,0,0,0,0,0,0,0,TM_NONE,0,0,TA_SOUTHWEST,0,0,
397,70926,38152,0,0,0,0,0,0,0,0,TS_NONE,0,0,0,0,0,0,0,TM_NONE,0,0,TA_SOUTHWEST,0,0,
398,70956,38182,0,0,0,0,0,0,0,0,TS_NONE,0,0,0,0,0,0,0,TM_NONE,0,0,TA_SOUTHWEST,0,0,
399,70986,38212,0,0,0,0,0,0,0,0,TS_NONE,0,0,0,0,0,0,0,TM_NONE,0,0,TA_SOUTHWEST,0,0,
